%YAML:1.0
M1: !!opencv-matrix
   rows: 3
   cols: 3
   dt: d
   data: [ 1.2678189343274025e+03, 0., 6.4164563796182313e+02, 0.,
       1.2717655710419326e+03, 4.4899300119571717e+02, 0., 0., 1. ]
D1: !!opencv-matrix
   rows: 5
   cols: 1
   dt: d
   data: [ 6.8625810705691445e-02, 4.4357646273746337e-01,
       2.9579287062639374e-03, -7.3000457836047148e-03,
       -2.1997042626940195e+00 ]
M2: !!opencv-matrix
   rows: 3
   cols: 3
   dt: d
   data: [ 1.2739607852935987e+03, 0., 5.7618715771688119e+02, 0.,
       1.2787348251899223e+03, 4.0771470699083017e+02, 0., 0., 1. ]
D2: !!opencv-matrix
   rows: 5
   cols: 1
   dt: d
   data: [ -6.7567616381842832e-02, 2.5505537329352279e+00,
       1.4375842644338166e-03, -1.2641618549820665e-02,
       -1.2309694071764243e+01 ]
