%YAML:1.0
ArmTipToMarkerTagTransform: !!opencv-matrix
   rows: 4
   cols: 4
   dt: d
   data: [ -1., 0.,
       0., 4.082e-02,
       0., 1.736e-01,
       -9.848e-01, -2.8666e-01,
       0., -9.848e-01,
       -1.736e-01, 2.703e-02, 0., 0., 0., 1. ]
