%YAML:1.0
ArmTipToMarkerTagTransform: !!opencv-matrix
   rows: 4
   cols: 4
   dt: d
   data: [ -1., 0.,
       0., -2.627e-02,
       0., 9.848e-01,
       1.736e-01, 7.5e-04,
       0., -1.736e-01,
       9.848e-01, 2.7665e-01, 0., 0., 0., 1. ]
