%YAML:1.0
ArmTipToMarkerTagTransform: !!opencv-matrix
   rows: 4
   cols: 4
   dt: d
   data: [ -1., 0.,
       0., -2.627e-02,
       0., 9.976e-01,
       6.98e-02, 7.5e-04,
       0., -6.98e-02,
       9.976e-01, 2.7665e-01, 0., 0., 0., 1. ]
