%YAML:1.0
---
point3d_0: [ -1.0236073505207496e-01, -8.1956611281676112e-02,
    6.7449277515128958e-01 ]
left_eye_point2d_0: [ 8.6764703369140625e+02, 1.6757192993164062e+02 ]
right_eye_point2d_0: [ 8.5953833007812500e+02, 2.9102856445312500e+02 ]
left_scene_point2d_0: [ 176., 65. ]
