%YAML:1.0
---
count: 8
point3d_0: [ -2.4815040146679659e-01, 1.5001515561386103e-01,
    1.1981144217382356e+00 ]
left_eye_point2d_0: [ 6.3788378906250000e+02, 2.6894070434570312e+02 ]
right_eye_point2d_0: [ 6.2729864501953125e+02, 2.8106597900390625e+02 ]
left_scene_point2d_0: [ 119., 436. ]
point3d_1: [ -2.4589150411715935e-01, 1.4967685095925146e-01,
    1.1979275054056786e+00 ]
left_eye_point2d_1: [ 6.3750964355468750e+02, 2.6952709960937500e+02 ]
right_eye_point2d_1: [ 6.2661999511718750e+02, 2.8313916015625000e+02 ]
left_scene_point2d_1: [ 121., 435. ]
point3d_2: [ -1.6887222884699907e-01, 9.9098986352669241e-02,
    1.3327697139551677e+00 ]
left_eye_point2d_2: [ 6.3810821533203125e+02, 2.7019949340820312e+02 ]
right_eye_point2d_2: [ 6.2574774169921875e+02, 2.8295367431640625e+02 ]
left_scene_point2d_2: [ 121., 439. ]
point3d_3: [ -2.4479687142052259e-01, 1.5247939923040171e-01,
    1.1968954439701784e+00 ]
left_eye_point2d_3: [ 6.3800396728515625e+02, 2.6884243774414062e+02 ]
right_eye_point2d_3: [ 6.2556018066406250e+02, 2.8184246826171875e+02 ]
left_scene_point2d_3: [ 122., 438. ]
point3d_4: [ -2.4649577739437231e-01, 1.5620629249360335e-01,
    1.1983739650223437e+00 ]
left_eye_point2d_4: [ 6.3723840332031250e+02, 2.6770922851562500e+02 ]
right_eye_point2d_4: [ 6.2639428710937500e+02, 2.8207318115234375e+02 ]
left_scene_point2d_4: [ 121., 442. ]
point3d_5: [ -2.4746961105123305e-01, 1.5784178435571058e-01,
    1.1979864538451062e+00 ]
left_eye_point2d_5: [ 6.3724951171875000e+02, 2.6608300781250000e+02 ]
right_eye_point2d_5: [ 6.2724243164062500e+02, 2.8084628295898438e+02 ]
left_scene_point2d_5: [ 120., 443. ]
point3d_6: [ -2.4660188448177059e-01, 1.5974319732687403e-01,
    1.1975765992038720e+00 ]
left_eye_point2d_6: [ 6.3790881347656250e+02, 2.6615124511718750e+02 ]
right_eye_point2d_6: [ 6.2739086914062500e+02, 2.7968786621093750e+02 ]
left_scene_point2d_6: [ 120., 445. ]
point3d_7: [ -2.9255510092095482e-01, 1.6148645671071041e-01,
    1.1920036239155614e+00 ]
left_eye_point2d_7: [ 6.4769189453125000e+02, 2.6784988403320312e+02 ]
right_eye_point2d_7: [ 6.3951171875000000e+02, 2.8120812988281250e+02 ]
left_scene_point2d_7: [ 73., 448. ]
