%YAML:1.0
---
count: 15
left_eye_point2d_0: [ 8.3195056152343750e+02, 3.1778994750976562e+02 ]
right_eye_point2d_0: [ 6.3882086181640625e+02, 3.3197634887695312e+02 ]
left_scene_point2d_0: [ 282., 239. ]
left_eye_point2d_1: [ 8.1082202148437500e+02, 3.2057376098632812e+02 ]
right_eye_point2d_1: [ 6.1978228759765625e+02, 3.3485455322265625e+02 ]
left_scene_point2d_1: [ 410., 231. ]
left_eye_point2d_2: [ 7.6227606201171875e+02, 3.2344134521484375e+02 ]
right_eye_point2d_2: [ 5.7168927001953125e+02, 3.2730499267578125e+02 ]
left_scene_point2d_2: [ 665., 208. ]
left_eye_point2d_3: [ 7.1981823730468750e+02, 3.3337030029296875e+02 ]
right_eye_point2d_3: [ 5.2527728271484375e+02, 3.2689343261718750e+02 ]
left_scene_point2d_3: [ 897., 258. ]
left_eye_point2d_4: [ 6.7747290039062500e+02, 3.3556582641601562e+02 ]
right_eye_point2d_4: [ 4.8931188964843750e+02, 3.2205328369140625e+02 ]
left_scene_point2d_4: [ 1131., 282. ]
left_eye_point2d_5: [ 8.6435705566406250e+02, 3.4214013671875000e+02 ]
right_eye_point2d_5: [ 6.6609448242187500e+02, 3.6814126586914062e+02 ]
left_scene_point2d_5: [ 164., 374. ]
left_eye_point2d_6: [ 8.0219012451171875e+02, 3.5687176513671875e+02 ]
right_eye_point2d_6: [ 6.0767395019531250e+02, 3.7204644775390625e+02 ]
left_scene_point2d_6: [ 517., 461. ]
left_eye_point2d_7: [ 7.6136975097656250e+02, 3.5224765014648438e+02 ]
right_eye_point2d_7: [ 5.7146130371093750e+02, 3.5792996215820312e+02 ]
left_scene_point2d_7: [ 711., 424. ]
left_eye_point2d_8: [ 7.0466485595703125e+02, 3.5822344970703125e+02 ]
right_eye_point2d_8: [ 5.1507031250000000e+02, 3.5265362548828125e+02 ]
left_scene_point2d_8: [ 1014., 402. ]
left_eye_point2d_9: [ 6.8283575439453125e+02, 3.7231970214843750e+02 ]
right_eye_point2d_9: [ 4.8838757324218750e+02, 3.6071411132812500e+02 ]
left_scene_point2d_9: [ 1166., 438. ]
left_eye_point2d_10: [ 7.0276495361328125e+02, 3.9822879028320312e+02 ]
right_eye_point2d_10: [ 5.0790472412109375e+02, 3.9216040039062500e+02 ]
left_scene_point2d_10: [ 1056., 641. ]
left_eye_point2d_11: [ 7.5013732910156250e+02, 3.8696270751953125e+02 ]
right_eye_point2d_11: [ 5.5878863525390625e+02, 3.9161715698242188e+02 ]
left_scene_point2d_11: [ 792., 625. ]
left_eye_point2d_12: [ 7.7738085937500000e+02, 3.8137713623046875e+02 ]
right_eye_point2d_12: [ 5.8608447265625000e+02, 3.9374816894531250e+02 ]
left_scene_point2d_12: [ 650., 607. ]
left_eye_point2d_13: [ 8.0920751953125000e+02, 3.8012042236328125e+02 ]
right_eye_point2d_13: [ 6.1258825683593750e+02, 3.9717913818359375e+02 ]
left_scene_point2d_13: [ 493., 610. ]
left_eye_point2d_14: [ 8.4354113769531250e+02, 3.7705984497070312e+02 ]
right_eye_point2d_14: [ 6.4290972900390625e+02, 4.0278048706054688e+02 ]
left_scene_point2d_14: [ 354., 563. ]
