%YAML:1.0
---
count: 15
left_eye_point2d_0: [ 6.8492529296875000e+02, 2.0070223999023438e+02 ]
right_eye_point2d_0: [ 5.3414074707031250e+02, 3.0299499511718750e+02 ]
left_scene_point2d_0: [ 142., 187. ]
left_eye_point2d_1: [ 7.2482452392578125e+02, 1.6782098388671875e+02 ]
right_eye_point2d_1: [ 5.8652667236328125e+02, 2.8022900390625000e+02 ]
left_scene_point2d_1: [ 339., 182. ]
left_eye_point2d_2: [ 6.6515203857421875e+02, 1.7400180053710938e+02 ]
right_eye_point2d_2: [ 5.3424890136718750e+02, 2.7208047485351562e+02 ]
left_scene_point2d_2: [ 628., 190. ]
left_eye_point2d_3: [ 5.9955566406250000e+02, 1.8701892089843750e+02 ]
right_eye_point2d_3: [ 4.6369537353515625e+02, 2.7083813476562500e+02 ]
left_scene_point2d_3: [ 958., 206. ]
left_eye_point2d_4: [ 5.8642919921875000e+02, 1.9338635253906250e+02 ]
right_eye_point2d_4: [ 4.5270062255859375e+02, 2.7376651000976562e+02 ]
left_scene_point2d_4: [ 1015., 213. ]
left_eye_point2d_5: [ 5.9211895751953125e+02, 2.0903927612304688e+02 ]
right_eye_point2d_5: [ 4.6107528686523438e+02, 2.9374053955078125e+02 ]
left_scene_point2d_5: [ 965., 382. ]
left_eye_point2d_6: [ 6.0305346679687500e+02, 2.4175634765625000e+02 ]
right_eye_point2d_6: [ 4.6726406860351562e+02, 3.2786962890625000e+02 ]
left_scene_point2d_6: [ 924., 576. ]
left_eye_point2d_7: [ 6.2117199707031250e+02, 2.3613104248046875e+02 ]
right_eye_point2d_7: [ 4.9846945190429688e+02, 3.2899258422851562e+02 ]
left_scene_point2d_7: [ 865., 613. ]
left_eye_point2d_8: [ 6.8098840332031250e+02, 2.4626324462890625e+02 ]
right_eye_point2d_8: [ 5.3190429687500000e+02, 3.4668728637695312e+02 ]
left_scene_point2d_8: [ 604., 605. ]
left_eye_point2d_9: [ 7.3067822265625000e+02, 2.4359582519531250e+02 ]
right_eye_point2d_9: [ 5.7649072265625000e+02, 3.5290029907226562e+02 ]
left_scene_point2d_9: [ 384., 596. ]
left_eye_point2d_10: [ 7.8512719726562500e+02, 2.4147119140625000e+02 ]
right_eye_point2d_10: [ 6.2218823242187500e+02, 3.5763366699218750e+02 ]
left_scene_point2d_10: [ 128., 588. ]
left_eye_point2d_11: [ 7.7743280029296875e+02, 2.0622280883789062e+02 ]
right_eye_point2d_11: [ 6.1861456298828125e+02, 3.2294970703125000e+02 ]
left_scene_point2d_11: [ 127., 363. ]
left_eye_point2d_12: [ 7.4075811767578125e+02, 1.9610643005371094e+02 ]
right_eye_point2d_12: [ 5.6695281982421875e+02, 3.1070315551757812e+02 ]
left_scene_point2d_12: [ 300., 334. ]
left_eye_point2d_13: [ 6.7251959228515625e+02, 1.9915509033203125e+02 ]
right_eye_point2d_13: [ 5.3115594482421875e+02, 3.0074755859375000e+02 ]
left_scene_point2d_13: [ 619., 361. ]
left_eye_point2d_14: [ 6.0951751708984375e+02, 2.1736373901367188e+02 ]
right_eye_point2d_14: [ 4.6623785400390625e+02, 3.0641882324218750e+02 ]
left_scene_point2d_14: [ 906., 381. ]
