%YAML:1.0
---
count: 18
left_eye_point2d_0: [ 6.6040893554687500e+02, 1.0038975524902344e+02 ]
right_eye_point2d_0: [ 6.1583068847656250e+02, 2.4624713134765625e+02 ]
left_scene_point2d_0: [ 117., 106. ]
left_eye_point2d_1: [ 6.6293341064453125e+02, 1.1898029327392578e+02 ]
right_eye_point2d_1: [ 6.2058831787109375e+02, 2.6326217651367188e+02 ]
left_scene_point2d_1: [ 111., 286. ]
left_eye_point2d_2: [ 6.5615246582031250e+02, 1.2995037841796875e+02 ]
right_eye_point2d_2: [ 6.2157092285156250e+02, 2.7400119018554688e+02 ]
left_scene_point2d_2: [ 111., 456. ]
left_eye_point2d_3: [ 6.5230297851562500e+02, 1.4488153076171875e+02 ]
right_eye_point2d_3: [ 6.1826428222656250e+02, 2.8771371459960938e+02 ]
left_scene_point2d_3: [ 120., 618. ]
left_eye_point2d_4: [ 6.0149707031250000e+02, 9.9391876220703125e+01 ]
right_eye_point2d_4: [ 5.6885485839843750e+02, 2.3486880493164062e+02 ]
left_scene_point2d_4: [ 380., 125. ]
left_eye_point2d_5: [ 5.9830950927734375e+02, 1.1950514984130859e+02 ]
right_eye_point2d_5: [ 5.6746099853515625e+02, 2.5532669067382812e+02 ]
left_scene_point2d_5: [ 392., 288. ]
left_eye_point2d_6: [ 5.9590112304687500e+02, 1.3658581542968750e+02 ]
right_eye_point2d_6: [ 5.7105157470703125e+02, 2.7367907714843750e+02 ]
left_scene_point2d_6: [ 391., 459. ]
left_eye_point2d_7: [ 5.9544909667968750e+02, 1.5316712951660156e+02 ]
right_eye_point2d_7: [ 5.6567926025390625e+02, 2.9167813110351562e+02 ]
left_scene_point2d_7: [ 389., 627. ]
left_eye_point2d_8: [ 5.3538830566406250e+02, 9.6233886718750000e+01 ]
right_eye_point2d_8: [ 5.0820333862304688e+02, 2.2172111511230469e+02 ]
left_scene_point2d_8: [ 649., 106. ]
left_eye_point2d_9: [ 5.3894677734375000e+02, 1.2184651947021484e+02 ]
right_eye_point2d_9: [ 5.1462463378906250e+02, 2.4889521789550781e+02 ]
left_scene_point2d_9: [ 639., 276. ]
left_eye_point2d_10: [ 5.3058020019531250e+02, 1.4169000244140625e+02 ]
right_eye_point2d_10: [ 5.0977291870117188e+02, 2.6749639892578125e+02 ]
left_scene_point2d_10: [ 663., 440. ]
left_eye_point2d_11: [ 5.2738092041015625e+02, 1.6861363220214844e+02 ]
right_eye_point2d_11: [ 5.0309875488281250e+02, 2.9501834106445312e+02 ]
left_scene_point2d_11: [ 649., 621. ]
left_eye_point2d_12: [ 4.8226168823242188e+02, 1.0951035308837891e+02 ]
right_eye_point2d_12: [ 4.5029159545898438e+02, 2.2318977355957031e+02 ]
left_scene_point2d_12: [ 884., 113. ]
left_eye_point2d_13: [ 4.7224218750000000e+02, 1.3264097595214844e+02 ]
right_eye_point2d_13: [ 4.3688018798828125e+02, 2.4967817687988281e+02 ]
left_scene_point2d_13: [ 918., 280. ]
left_eye_point2d_14: [ 4.7068142700195312e+02, 1.6003565979003906e+02 ]
right_eye_point2d_14: [ 4.3777355957031250e+02, 2.7766970825195312e+02 ]
left_scene_point2d_14: [ 910., 450. ]
left_eye_point2d_15: [ 4.6980859375000000e+02, 1.8425090026855469e+02 ]
right_eye_point2d_15: [ 4.3301885986328125e+02, 3.0299530029296875e+02 ]
left_scene_point2d_15: [ 917., 624. ]
left_eye_point2d_16: [ 4.2702944946289062e+02, 1.2691835784912109e+02 ]
right_eye_point2d_16: [ 3.8445736694335938e+02, 2.3519346618652344e+02 ]
left_scene_point2d_16: [ 1166., 111. ]
left_eye_point2d_17: [ 4.2448602294921875e+02, 1.4821018981933594e+02 ]
right_eye_point2d_17: [ 3.8324468994140625e+02, 2.6010070800781250e+02 ]
left_scene_point2d_17: [ 1152., 282. ]
