%YAML:1.0
---
count: 13
left_eye_point2d_0: [ 8.8284387207031250e+02, 2.7236840820312500e+02 ]
right_eye_point2d_0: [ 7.6428143310546875e+02, 3.1984631347656250e+02 ]
left_scene_point2d_0: [ 184., 81. ]
left_eye_point2d_1: [ 8.3908306884765625e+02, 2.8804733276367188e+02 ]
right_eye_point2d_1: [ 7.2329071044921875e+02, 3.2757723999023438e+02 ]
left_scene_point2d_1: [ 468., 150. ]
left_eye_point2d_2: [ 8.1851434326171875e+02, 4.4503338623046875e+02 ]
right_eye_point2d_2: [ 7.3878674316406250e+02, 4.5707702636718750e+02 ]
left_scene_point2d_2: [ 633., 131. ]
left_eye_point2d_3: [ 6.5832958984375000e+02, 3.3143786621093750e+02 ]
right_eye_point2d_3: [ 5.3208331298828125e+02, 3.3643640136718750e+02 ]
left_scene_point2d_3: [ 1078., 116. ]
left_eye_point2d_4: [ 8.3562811279296875e+02, 3.4158465576171875e+02 ]
right_eye_point2d_4: [ 7.1740472412109375e+02, 3.7716085815429688e+02 ]
left_scene_point2d_4: [ 449., 301. ]
left_eye_point2d_5: [ 7.0943023681640625e+02, 3.4808709716796875e+02 ]
right_eye_point2d_5: [ 5.9215472412109375e+02, 3.6585675048828125e+02 ]
left_scene_point2d_5: [ 875., 270. ]
left_eye_point2d_6: [ 6.5774914550781250e+02, 3.6395544433593750e+02 ]
right_eye_point2d_6: [ 5.3345013427734375e+02, 3.7339041137695312e+02 ]
left_scene_point2d_6: [ 1093., 453. ]
left_eye_point2d_7: [ 8.1189617919921875e+02, 3.7482675170898438e+02 ]
right_eye_point2d_7: [ 6.9745587158203125e+02, 4.0902563476562500e+02 ]
left_scene_point2d_7: [ 542., 449. ]
left_eye_point2d_8: [ 9.3414990234375000e+02, 3.1858654785156250e+02 ]
right_eye_point2d_8: [ 8.0085070800781250e+02, 4.2206658935546875e+02 ]
left_scene_point2d_8: [ 105., 466. ]
left_eye_point2d_9: [ 9.3318432617187500e+02, 4.0683346557617188e+02 ]
right_eye_point2d_9: [ 8.0734844970703125e+02, 4.6424197387695312e+02 ]
left_scene_point2d_9: [ 105., 628. ]
left_eye_point2d_10: [ 8.5800946044921875e+02, 4.1960855102539062e+02 ]
right_eye_point2d_10: [ 7.2283856201171875e+02, 5.2930828857421875e+02 ]
left_scene_point2d_10: [ 381., 636. ]
left_eye_point2d_11: [ 7.0131762695312500e+02, 4.3921014404296875e+02 ]
right_eye_point2d_11: [ 5.8033178710937500e+02, 4.5766870117187500e+02 ]
left_scene_point2d_11: [ 949., 619. ]
left_eye_point2d_12: [ 6.3819891357421875e+02, 4.5871777343750000e+02 ]
right_eye_point2d_12: [ 5.1128167724609375e+02, 4.6879373168945312e+02 ]
left_scene_point2d_12: [ 1169., 663. ]
