%YAML:1.0
---
count: 12
left_eye_point2d_0: [ 8.0188159179687500e+02, 3.9476489257812500e+02 ]
right_eye_point2d_0: [ 8.6032263183593750e+02, 3.4584884643554688e+02 ]
left_scene_point2d_0: [ 151., 157. ]
left_eye_point2d_1: [ 8.1021459960937500e+02, 4.2807891845703125e+02 ]
right_eye_point2d_1: [ 7.6538726806640625e+02, 3.2412869262695312e+02 ]
left_scene_point2d_1: [ 476., 160. ]
left_eye_point2d_2: [ 5.8827612304687500e+02, 3.9189517211914062e+02 ]
right_eye_point2d_2: [ 6.5728234863281250e+02, 3.2546069335937500e+02 ]
left_scene_point2d_2: [ 785., 157. ]
left_eye_point2d_3: [ 4.9567199707031250e+02, 4.2991213989257812e+02 ]
right_eye_point2d_3: [ 5.5059124755859375e+02, 3.4600634765625000e+02 ]
left_scene_point2d_3: [ 1121., 162. ]
left_eye_point2d_4: [ 8.1103753662109375e+02, 4.3873120117187500e+02 ]
right_eye_point2d_4: [ 8.6683099365234375e+02, 3.9484741210937500e+02 ]
left_scene_point2d_4: [ 149., 362. ]
left_eye_point2d_5: [ 7.0486206054687500e+02, 4.3791522216796875e+02 ]
right_eye_point2d_5: [ 7.6841192626953125e+02, 3.8961950683593750e+02 ]
left_scene_point2d_5: [ 463., 370. ]
left_eye_point2d_6: [ 5.8767224121093750e+02, 4.4783920288085938e+02 ]
right_eye_point2d_6: [ 6.4829260253906250e+02, 3.9362158203125000e+02 ]
left_scene_point2d_6: [ 787., 380. ]
left_eye_point2d_7: [ 4.8857571411132812e+02, 4.6922784423828125e+02 ]
right_eye_point2d_7: [ 5.3750610351562500e+02, 4.0777282714843750e+02 ]
left_scene_point2d_7: [ 1112., 370. ]
left_eye_point2d_8: [ 8.0908032226562500e+02, 4.9022366333007812e+02 ]
right_eye_point2d_8: [ 8.5922503662109375e+02, 4.4238439941406250e+02 ]
left_scene_point2d_8: [ 150., 583. ]
left_eye_point2d_9: [ 7.0071166992187500e+02, 4.8855364990234375e+02 ]
right_eye_point2d_9: [ 7.6711450195312500e+02, 4.4058364868164062e+02 ]
left_scene_point2d_9: [ 477., 573. ]
left_eye_point2d_10: [ 5.8296771240234375e+02, 4.9412591552734375e+02 ]
right_eye_point2d_10: [ 6.4837512207031250e+02, 4.4190551757812500e+02 ]
left_scene_point2d_10: [ 787., 580. ]
left_eye_point2d_11: [ 4.8488082885742188e+02, 5.0985781860351562e+02 ]
right_eye_point2d_11: [ 5.3970977783203125e+02, 4.5306781005859375e+02 ]
left_scene_point2d_11: [ 1106., 580. ]
