%YAML:1.0
---
count: 20
left_eye_point2d_0: [ 7.7093341064453125e+02, 3.4011434936523438e+02 ]
right_eye_point2d_0: [ 8.1452941894531250e+02, 3.5467553710937500e+02 ]
left_scene_point2d_0: [ 96., 82. ]
left_eye_point2d_1: [ 7.1744647216796875e+02, 3.3171777343750000e+02 ]
right_eye_point2d_1: [ 7.5231732177734375e+02, 3.4700619506835938e+02 ]
left_scene_point2d_1: [ 353., 95. ]
left_eye_point2d_2: [ 6.5039562988281250e+02, 3.2050732421875000e+02 ]
right_eye_point2d_2: [ 6.7917462158203125e+02, 3.4015411376953125e+02 ]
left_scene_point2d_2: [ 629., 76. ]
left_eye_point2d_3: [ 5.8178631591796875e+02, 3.2614318847656250e+02 ]
right_eye_point2d_3: [ 6.0482507324218750e+02, 3.5259173583984375e+02 ]
left_scene_point2d_3: [ 908., 103. ]
left_eye_point2d_4: [ 5.1547216796875000e+02, 3.2967733764648438e+02 ]
right_eye_point2d_4: [ 5.3793133544921875e+02, 3.6287994384765625e+02 ]
left_scene_point2d_4: [ 1179., 108. ]
left_eye_point2d_5: [ 5.1811914062500000e+02, 3.5975354003906250e+02 ]
right_eye_point2d_5: [ 5.4240002441406250e+02, 3.9597628784179688e+02 ]
left_scene_point2d_5: [ 400., 159. ]
left_eye_point2d_6: [ 5.8246527099609375e+02, 3.5082043457031250e+02 ]
right_eye_point2d_6: [ 5.9907421875000000e+02, 3.8404296875000000e+02 ]
left_scene_point2d_6: [ 905., 266. ]
left_eye_point2d_7: [ 6.5042254638671875e+02, 3.6365365600585938e+02 ]
right_eye_point2d_7: [ 6.7159716796875000e+02, 3.8689865112304688e+02 ]
left_scene_point2d_7: [ 639., 276. ]
left_eye_point2d_8: [ 7.1382208251953125e+02, 3.5926995849609375e+02 ]
right_eye_point2d_8: [ 7.4692041015625000e+02, 3.7802697753906250e+02 ]
left_scene_point2d_8: [ 375., 258. ]
left_eye_point2d_9: [ 7.7734637451171875e+02, 3.7479620361328125e+02 ]
right_eye_point2d_9: [ 8.1755816650390625e+02, 3.8861621093750000e+02 ]
left_scene_point2d_9: [ 103., 270. ]
left_eye_point2d_10: [ 7.8309289550781250e+02, 4.0509436035156250e+02 ]
right_eye_point2d_10: [ 8.2243896484375000e+02, 4.1963250732421875e+02 ]
left_scene_point2d_10: [ 102., 434. ]
left_eye_point2d_11: [ 7.2361517333984375e+02, 3.9220977783203125e+02 ]
right_eye_point2d_11: [ 7.5710253906250000e+02, 4.1048721313476562e+02 ]
left_scene_point2d_11: [ 367., 435. ]
left_eye_point2d_12: [ 6.5826879882812500e+02, 3.8376797485351562e+02 ]
right_eye_point2d_12: [ 6.7630163574218750e+02, 4.1015405273437500e+02 ]
left_scene_point2d_12: [ 636., 441. ]
left_eye_point2d_13: [ 6.0101275634765625e+02, 3.7200549316406250e+02 ]
right_eye_point2d_13: [ 6.0283843994140625e+02, 4.0717968750000000e+02 ]
left_scene_point2d_13: [ 896., 438. ]
left_eye_point2d_14: [ 5.2944842529296875e+02, 3.7415597534179688e+02 ]
right_eye_point2d_14: [ 5.3357952880859375e+02, 4.2115979003906250e+02 ]
left_scene_point2d_14: [ 1169., 449. ]
left_eye_point2d_15: [ 5.2671905517578125e+02, 4.3463006591796875e+02 ]
right_eye_point2d_15: [ 5.3456542968750000e+02, 4.7703231811523438e+02 ]
left_scene_point2d_15: [ 1173., 618. ]
left_eye_point2d_16: [ 5.9858172607421875e+02, 4.2173812866210938e+02 ]
right_eye_point2d_16: [ 6.1138537597656250e+02, 4.6022711181640625e+02 ]
left_scene_point2d_16: [ 876., 603. ]
left_eye_point2d_17: [ 6.6733776855468750e+02, 4.2190289306640625e+02 ]
right_eye_point2d_17: [ 6.7567901611328125e+02, 4.5250668334960938e+02 ]
left_scene_point2d_17: [ 624., 612. ]
left_eye_point2d_18: [ 7.3112640380859375e+02, 4.2909249877929688e+02 ]
right_eye_point2d_18: [ 7.5560229492187500e+02, 4.5703237915039062e+02 ]
left_scene_point2d_18: [ 361., 610. ]
left_eye_point2d_19: [ 7.8577893066406250e+02, 4.4042907714843750e+02 ]
right_eye_point2d_19: [ 8.2067962646484375e+02, 4.6326971435546875e+02 ]
left_scene_point2d_19: [ 97., 614. ]
