%YAML:1.0
---
count: 307

point3d_0: [ -1.6325467159824098e-02, 1.7048157260562224e-01,
    6.5032130148852874e-01 ]
left_eye_point2d_0: [ 6.6026269531250000e+02, 4.3472161865234375e+02 ]
right_eye_point2d_0: [ 6.0404296875000000e+02, 4.7886001586914062e+02 ]
left_scene_point2d_0: [ 435., 328. ]
point3d_1: [ -5.3552770851537514e-02, 9.5481715534846981e-02,
    1.1071044916916655e+00 ]
left_eye_point2d_1: [ 6.7879876708984375e+02, 3.7023394775390625e+02 ]
right_eye_point2d_1: [ 6.1536376953125000e+02, 4.2220446777343750e+02 ]
left_scene_point2d_1: [ 304., 393. ]
point3d_2: [ -5.3983971709619036e-02, 9.1241062892272420e-02,
    1.1098993290891110e+00 ]
left_eye_point2d_2: [ 6.7986956787109375e+02, 3.6893066406250000e+02 ]
right_eye_point2d_2: [ 6.1405139160156250e+02, 4.2177789306640625e+02 ]
left_scene_point2d_2: [ 304., 388. ]
point3d_3: [ -5.6692367783795633e-02, 9.3683798524680492e-02,
    1.1095231925153515e+00 ]
left_eye_point2d_3: [ 6.8068133544921875e+02, 3.7046697998046875e+02 ]
right_eye_point2d_3: [ 6.1543884277343750e+02, 4.2340930175781250e+02 ]
left_scene_point2d_3: [ 301., 391. ]
point3d_4: [ -7.4794777841722573e-02, 8.6563509823604654e-02,
    1.1172963517555732e+00 ]
left_eye_point2d_4: [ 6.8462902832031250e+02, 3.6826193237304688e+02 ]
right_eye_point2d_4: [ 6.1935711669921875e+02, 4.2163116455078125e+02 ]
left_scene_point2d_4: [ 282., 382. ]
point3d_5: [ -9.0056119994727291e-02, 8.6931137140052184e-02,
    1.1157230754010588e+00 ]
left_eye_point2d_5: [ 6.8871728515625000e+02, 3.6819299316406250e+02 ]
right_eye_point2d_5: [ 6.2346844482421875e+02, 4.2204730224609375e+02 ]
left_scene_point2d_5: [ 266., 383. ]
point3d_6: [ -1.0379493533392584e-01, 8.6739269668714591e-02,
    1.1182147553545787e+00 ]
left_eye_point2d_6: [ 6.9316284179687500e+02, 3.6841757202148438e+02 ]
right_eye_point2d_6: [ 6.2821179199218750e+02, 4.2201058959960938e+02 ]
left_scene_point2d_6: [ 252., 383. ]
point3d_7: [ -1.1489094930106443e-01, 8.5843840853196685e-02,
    1.1166382566083513e+00 ]
left_eye_point2d_7: [ 6.9658410644531250e+02, 3.6855917358398438e+02 ]
right_eye_point2d_7: [ 6.3143176269531250e+02, 4.2299664306640625e+02 ]
left_scene_point2d_7: [ 240., 382. ]
point3d_8: [ -1.3276290438019731e-01, 8.6289190708444943e-02,
    1.1133597545314950e+00 ]
left_eye_point2d_8: [ 7.0898785400390625e+02, 3.6761657714843750e+02 ]
right_eye_point2d_8: [ 6.4243591308593750e+02, 4.2336309814453125e+02 ]
left_scene_point2d_8: [ 221., 383. ]
point3d_9: [ -1.5239624096981910e-01, 8.9839933874884106e-02,
    1.1097450803130342e+00 ]
left_eye_point2d_9: [ 7.1323620605468750e+02, 3.6781552124023438e+02 ]
right_eye_point2d_9: [ 6.4532128906250000e+02, 4.2345062255859375e+02 ]
left_scene_point2d_9: [ 200., 387. ]
point3d_10: [ -1.6305314766725820e-01, 8.2544045819540598e-02,
    1.1224777063951779e+00 ]
left_eye_point2d_10: [ 7.1399389648437500e+02, 3.6635418701171875e+02 ]
right_eye_point2d_10: [ 6.4703076171875000e+02, 4.2346481323242188e+02 ]
left_scene_point2d_10: [ 191., 377. ]
point3d_11: [ -1.8156675125902541e-01, 7.2175350196265475e-02,
    1.1267556349850067e+00 ]
left_eye_point2d_11: [ 7.1849395751953125e+02, 3.6425296020507812e+02 ]
right_eye_point2d_11: [ 6.5088671875000000e+02, 4.2145135498046875e+02 ]
left_scene_point2d_11: [ 172., 366. ]
point3d_12: [ -1.9866451755212000e-01, 7.2808877284983489e-02,
    1.1233386523348241e+00 ]
left_eye_point2d_12: [ 7.2709338378906250e+02, 3.6390161132812500e+02 ]
right_eye_point2d_12: [ 6.5914495849609375e+02, 4.2148999023437500e+02 ]
left_scene_point2d_12: [ 153., 367. ]
point3d_13: [ -2.0863630006631845e-01, 7.1976669201607585e-02,
    1.1222203194569118e+00 ]
left_eye_point2d_13: [ 7.2934277343750000e+02, 3.6308697509765625e+02 ]
right_eye_point2d_13: [ 6.6157061767578125e+02, 4.2159552001953125e+02 ]
left_scene_point2d_13: [ 143., 366. ]
point3d_14: [ -2.1804417271960028e-01, 7.0511904702467612e-02,
    1.1213283169518653e+00 ]
left_eye_point2d_14: [ 7.3161120605468750e+02, 3.6325463867187500e+02 ]
right_eye_point2d_14: [ 6.6344732666015625e+02, 4.2193551635742188e+02 ]
left_scene_point2d_14: [ 133., 365. ]
point3d_15: [ -2.3106778097325908e-01, 7.2401924001830500e-02,
    1.1217269975835458e+00 ]
left_eye_point2d_15: [ 7.3754144287109375e+02, 3.6325360107421875e+02 ]
right_eye_point2d_15: [ 6.6747406005859375e+02, 4.2259991455078125e+02 ]
left_scene_point2d_15: [ 120., 367. ]
point3d_16: [ -2.4121848632378862e-01, 6.8707075353381677e-02,
    1.1277136914032391e+00 ]
left_eye_point2d_16: [ 7.4020617675781250e+02, 3.6211529541015625e+02 ]
right_eye_point2d_16: [ 6.7064428710937500e+02, 4.2246823120117188e+02 ]
left_scene_point2d_16: [ 110., 363. ]
point3d_17: [ -2.5165725910008530e-01, 6.5351681719396218e-02,
    1.1289725747109205e+00 ]
left_eye_point2d_17: [ 7.4259344482421875e+02, 3.6085327148437500e+02 ]
right_eye_point2d_17: [ 6.7350891113281250e+02, 4.2175259399414062e+02 ]
left_scene_point2d_17: [ 100., 359. ]
point3d_18: [ -2.6227094180939509e-01, 6.2557649304341836e-02,
    1.1264213666860352e+00 ]
left_eye_point2d_18: [ 7.4817871093750000e+02, 3.5908279418945312e+02 ]
right_eye_point2d_18: [ 6.7878698730468750e+02, 4.2016564941406250e+02 ]
left_scene_point2d_18: [ 88., 356. ]
point3d_19: [ -2.7017436647687076e-01, 6.6435698803718010e-02,
    1.1207984269798974e+00 ]
left_eye_point2d_19: [ 7.5243310546875000e+02, 3.5864813232421875e+02 ]
right_eye_point2d_19: [ 6.8052136230468750e+02, 4.2078265380859375e+02 ]
left_scene_point2d_19: [ 79., 361. ]
point3d_20: [ -2.7391505327322790e-01, 5.6849023377751405e-02,
    1.1143778647573193e+00 ]
left_eye_point2d_20: [ 7.5258538818359375e+02, 3.5731503295898438e+02 ]
right_eye_point2d_20: [ 6.8163293457031250e+02, 4.1979025268554688e+02 ]
left_scene_point2d_20: [ 73., 351. ]
point3d_21: [ -2.7454915797120355e-01, 5.0751764804410876e-02,
    1.1113935494795997e+00 ]
left_eye_point2d_21: [ 7.5310357666015625e+02, 3.5589266967773438e+02 ]
right_eye_point2d_21: [ 6.8183459472656250e+02, 4.1782577514648438e+02 ]
left_scene_point2d_21: [ 72., 345. ]
point3d_22: [ -2.8857171686520700e-01, 4.5682358161366024e-02,
    1.1132347634724586e+00 ]
left_eye_point2d_22: [ 7.5622161865234375e+02, 3.5508489990234375e+02 ]
right_eye_point2d_22: [ 6.8412084960937500e+02, 4.1750296020507812e+02 ]
left_scene_point2d_22: [ 57., 339. ]
point3d_23: [ -2.9602354384778629e-01, 3.6011756975334028e-02,
    1.1272002544592352e+00 ]
left_eye_point2d_23: [ 7.5650793457031250e+02, 3.5383438110351562e+02 ]
right_eye_point2d_23: [ 6.8421697998046875e+02, 4.1668920898437500e+02 ]
left_scene_point2d_23: [ 53., 328. ]
point3d_24: [ -3.0197302059333331e-01, 4.0113965074260106e-02,
    1.1216575693585520e+00 ]
left_eye_point2d_24: [ 7.5982324218750000e+02, 3.5520178222656250e+02 ]
right_eye_point2d_24: [ 6.8738452148437500e+02, 4.1764010620117188e+02 ]
left_scene_point2d_24: [ 45., 333. ]
point3d_25: [ -3.0083314426962121e-01, 3.3265742918544589e-02,
    1.1182365262455183e+00 ]
left_eye_point2d_25: [ 7.5897515869140625e+02, 3.5296005249023438e+02 ]
right_eye_point2d_25: [ 6.8698706054687500e+02, 4.1582617187500000e+02 ]
left_scene_point2d_25: [ 45., 326. ]
point3d_26: [ -2.8226692639476558e-01, 2.0803223335753511e-02,
    1.1234185044228249e+00 ]
left_eye_point2d_26: [ 7.5249218750000000e+02, 3.5024298095703125e+02 ]
right_eye_point2d_26: [ 6.8190832519531250e+02, 4.1296429443359375e+02 ]
left_scene_point2d_26: [ 66., 312. ]
point3d_27: [ -2.6694280309031049e-01, -1.4107071907565258e-02,
    1.1276697602647199e+00 ]
left_eye_point2d_27: [ 7.4520269775390625e+02, 3.4240390014648438e+02 ]
right_eye_point2d_27: [ 6.7510003662109375e+02, 4.0494134521484375e+02 ]
left_scene_point2d_27: [ 83., 276. ]
point3d_28: [ -2.6129048546467160e-01, -3.4719041272177426e-02,
    1.1345397455202335e+00 ]
left_eye_point2d_28: [ 7.4285900878906250e+02, 3.3674630737304688e+02 ]
right_eye_point2d_28: [ 6.7351098632812500e+02, 3.9808251953125000e+02 ]
left_scene_point2d_28: [ 90., 254. ]
