%YAML:1.0
M1: !!opencv-matrix
   rows: 3
   cols: 3
   dt: d
   data: [ 1.278e+03, 0., 6.45e+02, 0.,
       1.281e+03, 4.471956e+02, 0., 0., 1. ]
D1: !!opencv-matrix
   rows: 5
   cols: 1
   dt: d
   data: [ 6.68e-02, 5.025e-01,
       2.9e-03, -6.7e-03,
       -2.5394e+00 ]
M2: !!opencv-matrix
   rows: 3
   cols: 3
   dt: d
   data: [ 1.2843e+03, 0., 5.786452e+02, 0.,
       1.2884e+03, 4.072041e+02, 0., 0., 1. ]
D2: !!opencv-matrix
   rows: 5
   cols: 1
   dt: d
   data: [ -4.45e-02, 2.3649e+00,
       2.4e-03, -1.27e-02,
       -1.206e+01 ]
