%YAML:1.0
R: !!opencv-matrix
   rows: 3
   cols: 3
   dt: d
   data: [ 9.9997904760092626e-01, 1.2168004066577633e-03,
       6.3579679076623350e-03, -1.2264999621899762e-03,
       9.9999808975958071e-01, 1.5218984960936913e-03,
       -6.3561039157061187e-03, -1.5296646560673860e-03,
       9.9997862980618379e-01 ]
T: !!opencv-matrix
   rows: 3
   cols: 1
   dt: d
   data: [ -6.3016349470080382e+00, 3.0357267165689147e-02,
       -1.5507907253979925e-01 ]
R1: !!opencv-matrix
   rows: 3
   cols: 3
   dt: d
   data: [ 9.9951432538364726e-01, -3.6370547247131053e-03,
       3.0949720286324131e-02, 3.6129711891991819e-03,
       9.9999312538579177e-01, 8.3403857363579148e-04,
       -3.0952540962872140e-02, -7.2181305456326360e-04,
       9.9952059468219856e-01 ]
R2: !!opencv-matrix
   rows: 3
   cols: 3
   dt: d
   data: [ 9.9968573491928558e-01, -4.8158497265988346e-03,
       2.4601605441483938e-02, 4.8349903208958975e-03,
       9.9998805317152850e-01, -7.1859781046823990e-04,
       -2.4597850871254528e-02, 8.3732050445739818e-04,
       9.9969707643210015e-01 ]
P1: !!opencv-matrix
   rows: 3
   cols: 4
   dt: d
   data: [ 8.5234268108219010e+02, 0., 2.9476440811157227e+02, 0., 0.,
       8.5234268108219010e+02, 2.3909836006164551e+02, 0., 0., 0., 1.,
       0. ]
P2: !!opencv-matrix
   rows: 3
   cols: 4
   dt: d
   data: [ 8.5234268108219010e+02, 0., 2.9476440811157227e+02,
       -5.3728409222201426e+03, 0., 8.5234268108219010e+02,
       2.3909836006164551e+02, 0., 0., 0., 1., 0. ]
Q: !!opencv-matrix
   rows: 4
   cols: 4
   dt: d
   data: [ 1., 0., 0., -2.9476440811157227e+02, 0., 1., 0.,
       -2.3909836006164551e+02, 0., 0., 0., 8.5234268108219010e+02, 0.,
       0., 1.5863910609324139e-01, 0. ]
