%YAML:1.0
M1: !!opencv-matrix
   rows: 3
   cols: 3
   dt: d
   data: [ 9.1410872659845313e+02, 0., 3.1431221388878981e+02, 0.,
       9.1720624420150637e+02, 2.3943732583843496e+02, 0., 0., 1. ]
D1: !!opencv-matrix
   rows: 1
   cols: 14
   dt: d
   data: [ 2.8075374930866051e-02, 2.1368046385486674e+00, 0., 0., 0.,
       0., 0., 1.5055174885593750e+01, 0., 0., 0., 0., 0., 0. ]
M2: !!opencv-matrix
   rows: 3
   cols: 3
   dt: d
   data: [ 9.1410872659845313e+02, 0., 3.3186112198189699e+02, 0.,
       9.1720624420150637e+02, 2.3883835552321827e+02, 0., 0., 1. ]
D2: !!opencv-matrix
   rows: 1
   cols: 14
   dt: d
   data: [ -2.2268747892827900e-01, 3.4795266661534705e+00, 0., 0., 0.,
       0., 0., 1.1392899780211801e+01, 0., 0., 0., 0., 0., 0. ]
