1: [0.46900516748428345, 0.727783203125, -0.5003656148910522, -0.13881488144397736, 0.878152072429657, -0.44472751021385193, 0.17625637352466583, 0.16817767918109894, -0.09424993395805359, -0.5220622420310974, -0.847683846950531, -0.6154609322547913, 0, 0, 0, 1]
2: [0.46905359625816345, 0.7280158996582031, -0.49998152256011963, -0.13912826776504517, 0.8781388401985168, -0.44478827714920044, 0.17616894841194153, 0.16823726892471313, -0.09413212537765503, -0.5216858983039856, -0.8479286432266235, -0.6160145998001099, 0, 0, 0, 1]
3: [0.46888768672943115, 0.7278316020965576, -0.5004053115844727, -0.13853619992733002, 0.8782379627227783, -0.4444980025291443, 0.17640745639801025, 0.16798028349876404, -0.09403423219919205, -0.5221902132034302, -0.8476290106773376, -0.6147185564041138, 0, 0, 0, 1]
4: [0.46872416138648987, 0.7281145453453064, -0.5001468658447266, -0.13903960585594177, 0.8782718777656555, -0.44472837448120117, 0.17565646767616272, 0.16811713576316833, -0.09453146904706955, -0.5215993523597717, -0.8479374051094055, -0.6157621741294861, 0, 0, 0, 1]
5: [0.46878311038017273, 0.72816401720047, -0.5000194907188416, -0.1386633664369583, 0.8783004283905029, -0.4444727599620819, 0.17615970969200134, 0.16802996397018433, -0.09397190064191818, -0.5217480659484863, -0.8479081392288208, -0.6149268746376038, 0, 0, 0, 1]
