%YAML:1.0
R: !!opencv-matrix
   rows: 3
   cols: 3
   dt: d
   data: [ 9.999e-01, 1.2e-03, -1.09e-02,-1.06e-03, 9.999e-01, 1.39e-02,1.09e-02, -1.39e-02, 9.998e-01 ]
T: !!opencv-matrix
   rows: 3
   cols: 1
   dt: d
   data: [ -6.22846e+01, 2.67e-02,
       6.89e-02 ]
