%YAML:1.0
M1: !!opencv-matrix
   rows: 3
   cols: 3
   dt: d
   data: [ 1.2690e+03, -2.2328e+00, 6.318391e+02, 0.,
       1.2718e+03, 3.566376e+02, 0., 0., 1. ]
D1: !!opencv-matrix
   rows: 5
   cols: 1
   dt: d
   data: [ 6.10e-02, 1.031e-01,
       -3.5992e-04, -3.7559e-04,
       0 ]
M2: !!opencv-matrix
   rows: 3
   cols: 3
   dt: d
   data: [ 1.2695e+03, -2.4845e+00, 6.382108e+02, 0.,
       1.2717e+03, 3.428314e+02, 0., 0., 1. ]
D2: !!opencv-matrix
   rows: 5
   cols: 1
   dt: d
   data: [ 1.18e-01, -3.044e-01,
       -9.345683504131266e-05, -2.788977765878436e-04,
       0 ]
