%YAML:1.0
M1: !!opencv-matrix
   rows: 3
   cols: 3
   dt: d
   data: [ 1.2772e+03, 0., 6.636809e+02, 0.,
       1.2795e+03, 4.443415e+02, 0., 0., 1. ]
D1: !!opencv-matrix
   rows: 5
   cols: 1
   dt: d
   data: [ 6.25e-02, 8.09e-02,
       -1.7951e-04, -7.0769e-04,
       0 ]
M2: !!opencv-matrix
   rows: 3
   cols: 3
   dt: d
   data: [ 1.2788e+03, 0., 6.152141e+02, 0.,
       1.2826e+03, 3.975845e+02, 0., 0., 1. ]
D2: !!opencv-matrix
   rows: 5
   cols: 1
   dt: d
   data: [ 8.1e-02, -1.326e-01,
       -1.5e-03, -4e-03,
       0 ]
