# oST version 5.0 parameters


[image]

width
1280

height
720

[narrow_stereo]

camera matrix
1268.876754 0.000000 618.709765
0.000000 1275.994751 413.798230
0.000000 0.000000 1.000000

distortion
0.098737 -0.372018 0.001095 0.007450 0.000000

rectification
1.000000 0.000000 0.000000
0.000000 1.000000 0.000000
0.000000 0.000000 1.000000

projection
1270.823608 0.000000 625.228985 0.000000
0.000000 1288.651245 414.347158 0.000000
0.000000 0.000000 1.000000 0.000000

