%YAML:1.0
---
ArmTipToMarkerTagTransform: !!opencv-matrix
   rows: 4
   cols: 4
   dt: d
   data: [ 9.9995236918442765e-01, 7.6991672205385889e-03,
       5.9985153630127113e-03, -7.2441867212031698e-05,
       -7.7585162245260766e-03, 9.9992055427593007e-01,
       9.9343123823765703e-03, -1.6432013827452803e-02,
       -5.9215528743633682e-03, -9.9803787817426496e-03,
       9.9993266135821823e-01, -8.9845927256121047e-03, 0., 0., 0., 1. ]
