# oST version 5.0 parameters


[image]

width
640

height
480

[narrow_stereo/left]

camera matrix
1021.814574 0.000000 267.584606
0.000000 981.408378 288.009991
0.000000 0.000000 1.000000

distortion
0.112408 -0.238564 0.003819 -0.005817 0.000000

rectification
0.990899 -0.000749 -0.134605
0.003923 0.999720 0.023321
0.134549 -0.023637 0.990625

projection
1174.602381 0.000000 386.761530 0.000000
0.000000 1174.602381 259.136244 0.000000
0.000000 0.000000 1.000000 0.000000

# oST version 5.0 parameters


[image]

width
640

height
480

[narrow_stereo/right]

camera matrix
1035.866167 0.000000 244.391889
0.000000 1001.795740 230.463062
0.000000 0.000000 1.000000

distortion
0.003861 0.148459 -0.003241 0.002900 0.000000

rectification
0.994833 -0.004581 -0.101419
0.002190 0.999717 -0.023674
0.101499 0.023330 0.994562

projection
1174.602381 0.000000 386.761530 -75.184702
0.000000 1174.602381 259.136244 0.000000
0.000000 0.000000 1.000000 0.000000

