%YAML:1.0
---
frameCount: 34
T1_0: !!opencv-matrix
   rows: 4
   cols: 4
   dt: d
   data: [ -7.4914526794395409e-01, -5.9847866218953472e-01,
       -2.8390959550710060e-01, 2.1133848548431888e-01,
       -1.1474633785066110e-01, 5.3937210665413038e-01,
       -8.3421280768958894e-01, 6.4946394586047218e-01,
       6.5239148175542783e-01, -5.9236899097379325e-01,
       -4.7274129612891547e-01, 4.1965735480024657e-01, 0., 0., 0., 1. ]
T2_0: !!opencv-matrix
   rows: 4
   cols: 4
   dt: d
   data: [ -7.4036898440019816e-01, -6.0413516735244088e-01,
       -2.9474474805542666e-01, 2.1901521665061435e-01,
       -1.1299313645520997e-01, 5.4408830402320019e-01,
       -8.3138466941553102e-01, 6.5053831658591521e-01,
       6.6263588648082816e-01, -5.8222728980458804e-01,
       -4.7108923247572831e-01, 4.2437106033578331e-01, 0., 0., 0., 1. ]
T1_1: !!opencv-matrix
   rows: 4
   cols: 4
   dt: d
   data: [ -8.4394927863142999e-01, -5.3128738885270144e-01,
       7.4049480373380744e-02, -6.9052914447813071e-02,
       -4.1850406621172176e-01, 5.6577057542375098e-01,
       -7.1046323096197783e-01, 5.4526908921901851e-01,
       3.3556513773296559e-01, -6.3058493990164100e-01,
       -6.9982760156162738e-01, 5.8206815493998210e-01, 0., 0., 0., 1. ]
T2_1: !!opencv-matrix
   rows: 4
   cols: 4
   dt: d
   data: [ -8.4122948261938113e-01, -5.3718285428124091e-01,
       6.1380278902819635e-02, -6.1448712268492148e-02,
       -4.1670298119873261e-01, 5.7181060064056233e-01,
       -7.0667620764758188e-01, 5.4479219568966208e-01,
       3.4451644812986426e-01, -6.2005420574441605e-01,
       -7.0486963256097512e-01, 5.9197788834717646e-01, 0., 0., 0., 1. ]
T1_2: !!opencv-matrix
   rows: 4
   cols: 4
   dt: d
   data: [ -7.0009584075094766e-01, -4.3180186796158149e-01,
       5.6869408348259853e-01, -4.4392038239749881e-01,
       -6.8370087085587461e-01, 6.3509265702362472e-01,
       -3.5945853194157346e-01, 2.6238835204822542e-01,
       -2.0595857096547940e-01, -6.4047206326237327e-01,
       -7.3984904083623459e-01, 5.8499416795961112e-01, 0., 0., 0., 1. ]
T2_2: !!opencv-matrix
   rows: 4
   cols: 4
   dt: d
   data: [ -7.0117899030772279e-01, -4.3713661522945785e-01,
       5.6325802539935044e-01, -4.4389103546699427e-01,
       -6.8196775487096062e-01, 6.4167401513830835e-01,
       -3.5096216265082403e-01, 2.5544227559531529e-01,
       -2.0800962686208474e-01, -6.3021110583836504e-01,
       -7.4804141410130587e-01, 5.9500128734530866e-01, 0., 0., 0., 1. ]
T1_3: !!opencv-matrix
   rows: 4
   cols: 4
   dt: d
   data: [ -5.9056136813333948e-01, -4.0228290287735763e-01,
       6.9957539730971430e-01, -5.3512126626173251e-01,
       -7.1645893599963539e-01, 6.6031254522721827e-01,
       -2.2510871960415754e-01, 1.5976668751887657e-01,
       -3.7138102199055423e-01, -6.3415755823621567e-01,
       -6.7817426067134989e-01, 5.2994739742130159e-01, 0., 0., 0., 1. ]
T2_3: !!opencv-matrix
   rows: 4
   cols: 4
   dt: d
   data: [ -5.9084293951198252e-01, -4.0609106503584197e-01,
       6.9713317789852391e-01, -5.3784026926017303e-01,
       -7.1302018278636803e-01, 6.6714468358000889e-01,
       -2.1568539614499638e-01, 1.5118918060376746e-01,
       -3.7750078114903768e-01, -6.2450621939976336e-01,
       -6.8372885134597072e-01, 5.3662909850911833e-01, 0., 0., 0., 1. ]
T1_4: !!opencv-matrix
   rows: 4
   cols: 4
   dt: d
   data: [ -8.2821518141551143e-01, -4.9504050713684461e-01,
       2.6266805966193896e-01, -2.1344481837684734e-01,
       -5.4160582153134418e-01, 5.8666030810668834e-01,
       -6.0207376373291954e-01, 4.5785246127574952e-01,
       1.4395397652107406e-01, -6.4090918169882805e-01,
       -7.5399779406700485e-01, 6.1646693107564654e-01, 0., 0., 0., 1. ]
T2_4: !!opencv-matrix
   rows: 4
   cols: 4
   dt: d
   data: [ -8.2847214517525769e-01, -5.0160062707943776e-01,
       2.4905966269595203e-01, -2.0665720552988709e-01,
       -5.3937053378554656e-01, 5.9498139403734340e-01,
       -5.9588301539251320e-01, 4.5595865810551622e-01,
       1.5070942887756283e-01, -6.2800792324850030e-01,
       -7.6347410983248443e-01, 6.3135940149602521e-01, 0., 0., 0., 1. ]
T1_5: !!opencv-matrix
   rows: 4
   cols: 4
   dt: d
   data: [ -7.9132518657105533e-01, -4.6958104792494315e-01,
       3.9153299800655028e-01, -3.0969692630645912e-01,
       -6.1138815181964334e-01, 6.0463013095557194e-01,
       -5.1051633916575967e-01, 3.8991830751882617e-01,
       2.9961496701348400e-03, -6.4336307336554555e-01,
       -7.6555534020526195e-01, 6.2435976132135584e-01, 0., 0., 0., 1. ]
T2_5: !!opencv-matrix
   rows: 4
   cols: 4
   dt: d
   data: [ -7.9243651844089991e-01, -4.7580164625288679e-01,
       3.8165057010871595e-01, -3.0579191227222802e-01,
       -6.0992092645796425e-01, 6.1156028084796576e-01,
       -5.0397468821143754e-01, 3.8591683442527869e-01,
       6.3896564793148036e-03, -6.3214461661252797e-01,
       -7.7482408066468622e-01, 6.3713571236341648e-01, 0., 0., 0., 1. ]
T1_6: !!opencv-matrix
   rows: 4
   cols: 4
   dt: d
   data: [ -2.9381062703802319e-01, 4.8882998001738653e-01,
       -8.2141376058337701e-01, 8.6240703152570819e-01,
       7.5889135927873830e-01, 6.4177730915212283e-01,
       1.1047981838113996e-01, -1.2875429239365466e-01,
       5.8117056037930281e-01, -5.9090366058576937e-01,
       -5.5952984161235353e-01, 5.2697619796176898e-01, 0., 0., 0., 1. ]
T2_6: !!opencv-matrix
   rows: 4
   cols: 4
   dt: d
   data: [ -2.9097643951992858e-01, 4.9169957280708432e-01,
       -8.2070959647468267e-01, 8.6025492970191442e-01,
       7.5368137473654073e-01, 6.4620366802993501e-01,
       1.1993833749012719e-01, -1.3531349852269903e-01,
       5.8931918093639535e-01, -5.8365430652569372e-01,
       -5.5861485251868159e-01, 5.2838556479840215e-01, 0., 0., 0., 1. ]
T1_7: !!opencv-matrix
   rows: 4
   cols: 4
   dt: d
   data: [ -5.1544082521199353e-01, 5.2063181127793967e-01,
       -6.8063446341647382e-01, 7.4105930527819242e-01,
       7.9287179599356616e-01, 5.9106275510848871e-01,
       -1.4832105259031725e-01, 1.0980057258213252e-01,
       3.2507702290798152e-01, -6.1610659516760136e-01,
       -7.1745215350451730e-01, 6.7992811889954319e-01, 0., 0., 0., 1. ]
T2_7: !!opencv-matrix
   rows: 4
   cols: 4
   dt: d
   data: [ -5.1290019066556081e-01, 5.2465122426526323e-01,
       -6.7946632535556306e-01, 7.3908688036785031e-01,
       7.9098015824131229e-01, 5.9640733556678605e-01,
       -1.3656016751115801e-01, 1.0070672962470791e-01,
       3.3359224164206780e-01, -6.0748611750318005e-01,
       -7.2088614451737998e-01, 6.8538079340373170e-01, 0., 0., 0., 1. ]
T1_8: !!opencv-matrix
   rows: 4
   cols: 4
   dt: d
   data: [ -6.6449738363232180e-01, 5.6158733064452937e-01,
       -4.9301409432728316e-01, 5.6693571113048113e-01,
       7.4547345009245847e-01, 5.4413425100280011e-01,
       -3.8495097362244568e-01, 3.3448214341849147e-01,
       5.2082265244958209e-02, -6.2332783264119840e-01,
       -7.8022423103988525e-01, 7.4154420376547447e-01, 0., 0., 0., 1. ]
T2_8: !!opencv-matrix
   rows: 4
   cols: 4
   dt: d
   data: [ -6.6275045005975408e-01, 5.6696660324842529e-01,
       -4.8919394083178969e-01, 5.6309095855312463e-01,
       7.4666379104354164e-01, 5.5009862307267143e-01,
       -3.7401161484376066e-01, 3.2665496839081049e-01,
       5.7052818423636159e-02, -6.1313976848227170e-01,
       -7.8791154339521285e-01, 7.5188179746482553e-01, 0., 0., 0., 1. ]
T1_9: !!opencv-matrix
   rows: 4
   cols: 4
   dt: d
   data: [ -7.4545691892517629e-01, 6.0273475142536381e-01,
       -2.8461342457935457e-01, 3.7706504645201139e-01,
       6.3084135361200300e-01, 5.0007800631924371e-01,
       -5.9326315760271686e-01, 5.2076194036493717e-01,
       -2.1525140789216390e-01, -6.2179804359613045e-01,
       -7.5301661627115912e-01, 7.1159146237979298e-01, 0., 0., 0., 1. ]
T2_9: !!opencv-matrix
   rows: 4
   cols: 4
   dt: d
   data: [ -7.4355807641345439e-01, 6.0863889248695890e-01,
       -2.7691169269745908e-01, 3.6861848034487665e-01,
       6.3231355913995746e-01, 5.0530768009397575e-01,
       -5.8723394943225471e-01, 5.1789888621957347e-01,
       -2.1748781558534125e-01, -6.1173756382152344e-01,
       -7.6057623094705273e-01, 7.2084015372944266e-01, 0., 0., 0., 1. ]
T1_10: !!opencv-matrix
   rows: 4
   cols: 4
   dt: d
   data: [ -7.6270336693009066e-01, 6.4133345844899670e-01,
       -8.3516280732277737e-02, 1.9786741675816849e-01,
       4.7309919478003093e-01, 4.6520206113850693e-01,
       -7.4817390639541237e-01, 6.5139461449906322e-01,
       -4.4097701297458797e-01, -6.1014624262248296e-01,
       -6.5822552111087007e-01, 6.1879356953107023e-01, 0., 0., 0., 1. ]
T2_10: !!opencv-matrix
   rows: 4
   cols: 4
   dt: d
   data: [ -7.5895767354220367e-01, 6.4672155080480531e-01,
       -7.5726385732013041e-02, 1.8829344546620685e-01,
       4.7300694751640177e-01, 4.6766280052159392e-01,
       -7.4669668045968696e-01, 6.5106807693609858e-01,
       -4.4749042154287710e-01, -6.0253028200491932e-01,
       -6.6084005772535503e-01, 6.2055105954155743e-01, 0., 0., 0., 1. ]
T1_11: !!opencv-matrix
   rows: 4
   cols: 4
   dt: d
   data: [ -8.4034166447868808e-01, -4.8274198206321861e-01,
       2.4654830296488142e-01, -2.0961217541824603e-01,
       -5.0342597866767735e-01, 5.2641914031393711e-01,
       -6.8516069116202705e-01, 6.0340463416521573e-01,
       2.0096808439072875e-01, -6.9988789635541659e-01,
       -6.8539679134900422e-01, 6.5607319578517276e-01, 0., 0., 0., 1. ]
T2_11: !!opencv-matrix
   rows: 4
   cols: 4
   dt: d
   data: [ -8.4015898822906165e-01, -4.8846561749644818e-01,
       2.3565698593874237e-01, -2.0172557218546347e-01,
       -5.0064002495085136e-01, 5.3143042494773762e-01,
       -6.8333100972887051e-01, 6.0243034821124497e-01,
       2.0854841144235534e-01, -6.9208600907956552e-01,
       -6.9103148706928641e-01, 6.6464747401094570e-01, 0., 0., 0., 1. ]
T1_12: !!opencv-matrix
   rows: 4
   cols: 4
   dt: d
   data: [ -8.0622025356171623e-01, -4.5610047012673194e-01,
       3.7680401258088603e-01, -3.2603787910331583e-01,
       -5.8778128075577141e-01, 5.4512538925853737e-01,
       -5.9778882222640561e-01, 5.2365911250484742e-01,
       6.7246328821634588e-02, -7.0342780094043933e-01,
       -7.0757844803534731e-01, 6.7311498242400658e-01, 0., 0., 0., 1. ]
T2_12: !!opencv-matrix
   rows: 4
   cols: 4
   dt: d
   data: [ -8.0764338183186690e-01, -4.6194915507149226e-01,
       3.6649030807365157e-01, -3.1923742167643543e-01,
       -5.8513597638329617e-01, 5.5090698044171527e-01,
       -5.9507763194608343e-01, 5.2195618533065602e-01,
       7.2993540297428244e-02, -6.9505717536712475e-01,
       -7.1523944665092531e-01, 6.8391097283783431e-01, 0., 0., 0., 1. ]
T1_13: !!opencv-matrix
   rows: 4
   cols: 4
   dt: d
   data: [ -7.0263615245584687e-01, -4.1332509568459785e-01,
       5.7919323419681090e-01, -5.0238133029505039e-01,
       -6.9427010532378308e-01, 5.7653162791414903e-01,
       -4.3081353607838779e-01, 3.6976831657575415e-01,
       -1.5585717216652878e-01, -7.0482171312465902e-01,
       -6.9205122252061213e-01, 6.4980216326930462e-01, 0., 0., 0., 1. ]
T2_13: !!opencv-matrix
   rows: 4
   cols: 4
   dt: d
   data: [ -7.0437442935042283e-01, -4.1816850449094212e-01,
       5.7357803752329595e-01, -5.0149940828428285e-01,
       -6.9211897501733033e-01, 5.8397525097132941e-01,
       -4.2419833883919567e-01, 3.6388539856690022e-01,
       -1.5756899345438097e-01, -6.9577870627433103e-01,
       -7.0075959087050088e-01, 6.6163299179006974e-01, 0., 0., 0., 1. ]
T1_14: !!opencv-matrix
   rows: 4
   cols: 4
   dt: d
   data: [ -6.0001599509210668e-01, -3.8627975987427643e-01,
       7.0054889390041919e-01, -6.0655150395004587e-01,
       -7.3932147522379354e-01, 6.0226098606445999e-01,
       -3.0114026787790782e-01, 2.5237919400726994e-01,
       -3.0558887726247980e-01, -6.9861981919792093e-01,
       -6.4695114677796317e-01, 6.0371514160750095e-01, 0., 0., 0., 1. ]
T2_14: !!opencv-matrix
   rows: 4
   cols: 4
   dt: d
   data: [ -6.0110940339577001e-01, -3.9021224256450554e-01,
       6.9742518659850616e-01, -6.0647513852484314e-01,
       -7.3704649096270747e-01, 6.0802935329377705e-01,
       -2.9506401965117812e-01, 2.4539427721942844e-01,
       -3.0891739237009791e-01, -6.9140054330751777e-01,
       -6.5309672591839596e-01, 6.1068155011353964e-01, 0., 0., 0., 1. ]
T1_15: !!opencv-matrix
   rows: 4
   cols: 4
   dt: d
   data: [ -5.2945561522835716e-01, -3.7190022825156133e-01,
       7.6247424332209346e-01, -6.5702960655003362e-01,
       -7.5424795078729989e-01, 6.1776818185684368e-01,
       -2.2242414935984084e-01, 1.8114947547054752e-01,
       -3.8831273509417819e-01, -6.9285835039474430e-01,
       -6.0758581784958787e-01, 5.6374369611722575e-01, 0., 0., 0., 1. ]
T2_15: !!opencv-matrix
   rows: 4
   cols: 4
   dt: d
   data: [ -5.2994345560180767e-01, -3.7519622732797264e-01,
       7.6051806346967954e-01, -6.5740414653383028e-01,
       -7.5153691218808116e-01, 6.2325510949991991e-01,
       -2.1620670225746319e-01, 1.7351011322810833e-01,
       -3.9287682991443978e-01, -6.8613472400185316e-01,
       -6.1226378060055242e-01, 5.6835783688021024e-01, 0., 0., 0., 1. ]
T1_16: !!opencv-matrix
   rows: 4
   cols: 4
   dt: d
   data: [ 1.3158953716855704e-01, -7.2572293073829963e-01,
       6.7528543706226785e-01, -5.0932338587856285e-01,
       -9.7332355984034724e-01, 3.4568905809162831e-02,
       2.2681763293639934e-01, -2.9490596162873706e-01,
       -1.8795063598583245e-01, -6.8711805284955985e-01,
       -7.0181432008812039e-01, 6.5467875098610517e-01, 0., 0., 0., 1. ]
T2_16: !!opencv-matrix
   rows: 4
   cols: 4
   dt: d
   data: [ 1.2952668339759621e-01, -7.3362270952976538e-01,
       6.6709861216331756e-01, -5.0297404164049264e-01,
       -9.7344003671888935e-01, 3.4004504089403476e-02,
       2.2640271335467971e-01, -2.9802618158808486e-01,
       -1.8877852950149387e-01, -6.7870569009242820e-01,
       -7.0973322666718541e-01, 6.6407185658895029e-01, 0., 0., 0., 1. ]
T1_17: !!opencv-matrix
   rows: 4
   cols: 4
   dt: d
   data: [ 1.8273491179534584e-03, -7.2629973181246266e-01,
       6.8737570539287041e-01, -5.2103495887411400e-01,
       -9.9975957768353196e-01, -1.6346493032558307e-02,
       -1.4614342119400325e-02, -7.8195490908605253e-02,
       2.1850574940890266e-02, -6.8718373942831446e-01,
       -7.2615498389811473e-01, 6.7732051702441431e-01, 0., 0., 0., 1. ]
T2_17: !!opencv-matrix
   rows: 4
   cols: 4
   dt: d
   data: [ -8.5513921970137297e-04, -7.3453069478768784e-01,
       6.7857492375686246e-01, -5.1491893728959470e-01,
       -9.9966798625325215e-01, -1.6847026298259182e-02,
       -1.9496024345325935e-02, -7.6232408023159864e-02,
       2.5752397893840873e-02, -6.7836629936902271e-01,
       -7.3427241394668719e-01, 6.8798715180700865e-01, 0., 0., 0., 1. ]
T1_18: !!opencv-matrix
   rows: 4
   cols: 4
   dt: d
   data: [ -1.1261520960680205e-01, -7.3002131679527893e-01,
       6.7408211042105459e-01, -5.0851405223033053e-01,
       -9.7195773620403014e-01, -6.0010013076102986e-02,
       -2.2736964917011873e-01, 1.1300355073034778e-01,
       2.0643636694718528e-01, -6.8078460276000130e-01,
       -7.0279182625195213e-01, 6.5529587378523690e-01, 0., 0., 0., 1. ]
T2_18: !!opencv-matrix
   rows: 4
   cols: 4
   dt: d
   data: [ -1.1455232365457602e-01, -7.3792877985829897e-01,
       6.6508561930189058e-01, -5.0157542099833563e-01,
       -9.7002361272999771e-01, -6.1346933154237560e-02,
       -2.3513984039037913e-01, 1.1823523792327709e-01,
       2.1431741854450551e-01, -6.7208457031047175e-01,
       -7.0878090723368636e-01, 6.6344718201507957e-01, 0., 0., 0., 1. ]
T1_19: !!opencv-matrix
   rows: 4
   cols: 4
   dt: d
   data: [ -2.4303476869384211e-01, -7.3848840905102109e-01,
       6.2894274056007871e-01, -4.6561661614831212e-01,
       -8.7787003837227862e-01, -1.0837446771922710e-01,
       -4.6647526244681869e-01, 3.2589767017069293e-01,
       4.1264790916007915e-01, -6.6549969529960418e-01,
       -6.2195808429664212e-01, 5.7970994438020140e-01, 0., 0., 0., 1. ]
T2_19: !!opencv-matrix
   rows: 4
   cols: 4
   dt: d
   data: [ -2.4353424831778603e-01, -7.4492686951457310e-01,
       6.2110790445099773e-01, -4.5926808219673970e-01,
       -8.7336490248498599e-01, -1.1007725644896005e-01,
       -4.7446469280660014e-01, 3.3144152599867582e-01,
       4.2181135238834266e-01, -6.5800224671948393e-01,
       -6.2378540084585943e-01, 5.8364660298253190e-01, 0., 0., 0., 1. ]
T1_20: !!opencv-matrix
   rows: 4
   cols: 4
   dt: d
   data: [ -3.2640849672995476e-01, -7.4724592742352525e-01,
       5.7886182911939066e-01, -4.1869570949749524e-01,
       -7.7572790043499484e-01, -1.3815451095838638e-01,
       -6.1575933252250725e-01, 4.5819132194590950e-01,
       5.4009602641493826e-01, -6.5002834942085763e-01,
       -5.3456470815046275e-01, 4.9888190690671319e-01, 0., 0., 0., 1. ]
T2_20: !!opencv-matrix
   rows: 4
   cols: 4
   dt: d
   data: [ -3.2559017747285512e-01, -7.5249163621334458e-01,
       5.7249224777472574e-01, -4.1326070370136053e-01,
       -7.6986448259238915e-01, -1.4052225959089326e-01,
       -6.2254491645360199e-01, 4.6223519306855265e-01,
       5.4890774705404499e-01, -6.4343595795419517e-01,
       -5.3356391672940129e-01, 4.9995486482341955e-01, 0., 0., 0., 1. ]
T1_21: !!opencv-matrix
   rows: 4
   cols: 4
   dt: d
   data: [ -3.6693307707921763e-01, -7.5400747065241569e-01,
       5.4482368812811688e-01, -3.8734051535082692e-01,
       -7.0871009552528219e-01, -1.5278629702682256e-01,
       -6.8875710373206089e-01, 5.2189300464624677e-01,
       6.0256959552048628e-01, -6.3884981149028930e-01,
       -4.7831036044925845e-01, 4.4747154766364938e-01, 0., 0., 0., 1. ]
T2_21: !!opencv-matrix
   rows: 4
   cols: 4
   dt: d
   data: [ -3.6537347600041792e-01, -7.5870086422795946e-01,
       5.3932849141791073e-01, -3.8254053910071950e-01,
       -7.0260731310247004e-01, -1.5527998248918640e-01,
       -6.9442860728305655e-01, 5.2464926131526857e-01,
       6.1061050319356569e-01, -6.3266193631188639e-01,
       -4.7633358870837039e-01, 4.4762520426420843e-01, 0., 0., 0., 1. ]
T1_22: !!opencv-matrix
   rows: 4
   cols: 4
   dt: d
   data: [ 3.3456742736990819e-01, 6.9324211709084949e-01,
       -6.3834160418578234e-01, 7.2734697676444082e-01,
       7.5641380707067374e-01, -6.0155659108184945e-01,
       -2.5684201408421087e-01, 1.5949278310263915e-01,
       -5.6205230096133474e-01, -3.9691943114110867e-01,
       -7.2563915010608926e-01, 7.3585107176933184e-01, 0., 0., 0., 1. ]
T2_22: !!opencv-matrix
   rows: 4
   cols: 4
   dt: d
   data: [ 3.3213310685072894e-01, 6.9570629720977228e-01,
       -6.3693041013626461e-01, 7.2382770569794586e-01,
       7.5039283421859948e-01, -6.0401986993059920e-01,
       -2.6845966379029745e-01, 1.7305166621388179e-01,
       -5.7148770213107791e-01, -3.8878367346339299e-01,
       -7.2266801614659171e-01, 7.2788523277255324e-01, 0., 0., 0., 1. ]
T1_23: !!opencv-matrix
   rows: 4
   cols: 4
   dt: d
   data: [ 4.3857696420177428e-01, 7.1727094973911587e-01,
       -5.4145418193223205e-01, 6.4161956486584037e-01,
       8.2071807894594273e-01, -5.6514357969287721e-01,
       -8.3872338844237782e-02, 5.7939141960066248e-03,
       -3.6615854675650716e-01, -4.0759676028185993e-01,
       -8.3653619147344482e-01, 8.3720306048629289e-01, 0., 0., 0., 1. ]
T2_23: !!opencv-matrix
   rows: 4
   cols: 4
   dt: d
   data: [ 4.3706544240146805e-01, 7.2231800349661690e-01,
       -5.3593889659463079e-01, 6.3640369791645302e-01,
       8.1652237635862812e-01, -5.6852511597592614e-01,
       -1.0035138967756463e-01, 2.5157960946397245e-02,
       -3.7718033878248181e-01, -3.9374597690544216e-01,
       -8.3827149403204149e-01, 8.3690771930056895e-01, 0., 0., 0., 1. ]
T1_24: !!opencv-matrix
   rows: 4
   cols: 4
   dt: d
   data: [ 4.9142790183463703e-01, 7.3511077091032040e-01,
       -4.6702330968597389e-01, 5.7523719014874808e-01,
       8.3917938190287011e-01, -5.4312669437633043e-01,
       2.8131101026393601e-02, -9.4322940846499059e-02,
       -2.3297335102436795e-01, -4.0574074031020702e-01,
       -8.8379741421040703e-01, 8.8162921172108877e-01, 0., 0., 0., 1. ]
T2_24: !!opencv-matrix
   rows: 4
   cols: 4
   dt: d
   data: [ 4.9138868617748921e-01, 7.4221464076923060e-01,
       -4.5569132768197740e-01, 5.6570980280641314e-01,
       8.3685326687675377e-01, -5.4731759497185406e-01,
       1.0957187227136927e-02, -7.4297067008957177e-02,
       -2.4127529673480022e-01, -3.8673101409381161e-01,
       -8.9007042076652931e-01, 8.8884158667506363e-01, 0., 0., 0., 1. ]
T1_25: !!opencv-matrix
   rows: 4
   cols: 4
   dt: d
   data: [ 5.4261338525113834e-01, 7.5863771304380190e-01,
       -3.6060994785775113e-01, 4.7938326104137158e-01,
       8.3845593961070020e-01, -5.1504662033780479e-01,
       1.7809721000100831e-01, -2.3044311160631442e-01,
       -5.0619674809679965e-02, -3.9899348268646628e-01,
       -9.1555548673790765e-01, 9.1384862276566659e-01, 0., 0., 0., 1. ]
T2_25: !!opencv-matrix
   rows: 4
   cols: 4
   dt: d
   data: [ 5.4335564815502380e-01, 7.6823704599864329e-01,
       -3.3849147813986769e-01, 4.6001138831552291e-01,
       8.3802810089600166e-01, -5.2024381221357108e-01,
       1.6448488672863421e-01, -2.1501179942187632e-01,
       -4.9734713497464000e-02, -3.7303916283517652e-01,
       -9.2648164648014264e-01, 9.2949692995576538e-01, 0., 0., 0., 1. ]
T1_26: !!opencv-matrix
   rows: 4
   cols: 4
   dt: d
   data: [ 5.6902585170780817e-01, 7.7692741338366056e-01,
       -2.6943157651095428e-01, 3.9583111064937093e-01,
       8.1591115436205008e-01, -4.9260020598832965e-01,
       3.0271112508106229e-01, -3.4448504176241690e-01,
       1.0246252132263106e-01, -3.9208268438332000e-01,
       -9.1420599447333517e-01, 9.1298033182793503e-01, 0., 0., 0., 1. ]
T2_26: !!opencv-matrix
   rows: 4
   cols: 4
   dt: d
   data: [ 5.6863067727330596e-01, 7.8593902905329105e-01,
       -2.4281473487923094e-01, 3.7137973762962606e-01,
       8.1475365037302216e-01, -4.9746050141376119e-01,
       2.9784146577836351e-01, -3.3845617949362145e-01,
       1.1329449266198433e-01, -3.6719598601283604e-01,
       -9.2321799472742305e-01, 9.2669801348654268e-01, 0., 0., 0., 1. ]
T1_27: !!opencv-matrix
   rows: 4
   cols: 4
   dt: d
   data: [ 5.8354407895301064e-01, 7.9356342873943231e-01,
       -1.7243373360859032e-01, 3.0633357273094691e-01,
       7.6571059004525888e-01, -4.6695153274213008e-01,
       4.4231612943947346e-01, -4.7009387495064159e-01,
       2.7048770805976369e-01, -3.9014529426495886e-01,
       -8.8012672334811248e-01, 8.7579463149609660e-01, 0., 0., 0., 1. ]
T2_27: !!opencv-matrix
   rows: 4
   cols: 4
   dt: d
   data: [ 5.8040904407549254e-01, 8.0024937356604064e-01,
       -1.5075238526315976e-01, 2.8645781445243079e-01,
       7.6313701500146791e-01, -4.6992303003997993e-01,
       4.4361497063635363e-01, -4.7001353765353465e-01,
       2.8416058468764110e-01, -3.7252286633870274e-01,
       -8.8344749485454654e-01, 8.8264916637641266e-01, 0., 0., 0., 1. ]
T1_28: !!opencv-matrix
   rows: 4
   cols: 4
   dt: d
   data: [ 5.8311201487078490e-01, 8.0613711424493084e-01,
       -1.0061476606437522e-01, 2.4158693373565582e-01,
       7.1250463221437699e-01, -4.4797996698215581e-01,
       5.4004731112720306e-01, -5.5678473604980783e-01,
       3.9027878136838168e-01, -3.8659656260696629e-01,
       -8.3559892926815627e-01, 8.3186090889894593e-01, 0., 0., 0., 1. ]
T2_28: !!opencv-matrix
   rows: 4
   cols: 4
   dt: d
   data: [ 5.7941271023061591e-01, 8.1087737710599206e-01,
       -8.2211863626360515e-02, 2.2459332786401759e-01,
       7.0674321337748247e-01, -4.4962481771058815e-01,
       5.4621566587163262e-01, -5.5994631376737747e-01,
       4.0594943227954228e-01, -3.7458697601014868e-01,
       -8.3360041736763191e-01, 8.3073267861911126e-01, 0., 0., 0., 1. ]
T1_29: !!opencv-matrix
   rows: 4
   cols: 4
   dt: d
   data: [ -8.5533095806292048e-01, 5.1670722909860489e-01,
       -3.7717258336315479e-02, 1.5513304831053756e-01,
       3.4044136690929216e-01, 5.0568552572963643e-01,
       -7.9270538333259333e-01, 7.2402844368013775e-01,
       -3.9052353050245159e-01, -6.9086596997158789e-01,
       -6.0843700056712358e-01, 5.9691781853309900e-01, 0., 0., 0., 1. ]
T2_29: !!opencv-matrix
   rows: 4
   cols: 4
   dt: d
   data: [ -8.5275586437545048e-01, 5.2129491720975685e-01,
       -3.2542972583204544e-02, 1.4788670901997983e-01,
       3.4169592183758668e-01, 5.0966727675202450e-01,
       -7.8960950096090998e-01, 7.2206782955482840e-01,
       -3.9503333121755724e-01, -6.8446393352714219e-01,
       -6.1274610641579086e-01, 6.0110247214539259e-01, 0., 0., 0., 1. ]
T1_30: !!opencv-matrix
   rows: 4
   cols: 4
   dt: d
   data: [ -8.4623927533814691e-01, 4.7538104849602153e-01,
       -2.4060745542478837e-01, 3.4110810845989320e-01,
       4.9379835661735155e-01, 5.3015990322267170e-01,
       -6.8927038237322402e-01, 6.3032420324353100e-01,
       -2.0010565178717779e-01, -7.0209923497020754e-01,
       -6.8338451283086488e-01, 6.6625485473677704e-01, 0., 0., 0., 1. ]
T2_30: !!opencv-matrix
   rows: 4
   cols: 4
   dt: d
   data: [ -8.4469552875780374e-01, 4.8031804886986040e-01,
       -2.3618644251189558e-01, 3.3550360512810229e-01,
       4.9573729796750443e-01, 5.3566738695901983e-01,
       -6.8359709036271754e-01, 6.2744278524370289e-01,
       -2.0182664616064028e-01, -6.9451783452863625e-01,
       -6.9058741837742854e-01, 6.7521353480176027e-01, 0., 0., 0., 1. ]
T1_31: !!opencv-matrix
   rows: 4
   cols: 4
   dt: d
   data: [ -8.0456832690147939e-01, 4.4495673423405901e-01,
       -3.9329799390120912e-01, 4.8051379829132101e-01,
       5.9229402170037182e-01, 5.5317759905511643e-01,
       -5.8581766426219728e-01, 5.3453289223017830e-01,
       -4.3099874767266982e-02, -7.0427838853920388e-01,
       -7.0861438895330675e-01, 6.8803664961701783e-01, 0., 0., 0., 1. ]
T2_31: !!opencv-matrix
   rows: 4
   cols: 4
   dt: d
   data: [ -8.0249203024445004e-01, 4.4955614732766480e-01,
       -3.9230831216537743e-01, 4.7898982590133232e-01,
       5.9531419343921899e-01, 5.5908897972921823e-01,
       -5.7707930463252100e-01, 5.2875879896514788e-01,
       -4.0094294905291511e-02, -6.9664824922284041e-01,
       -7.1629160568220973e-01, 6.9807311989515486e-01, 0., 0., 0., 1. ]
T1_32: !!opencv-matrix
   rows: 4
   cols: 4
   dt: d
   data: [ -7.1861450655648729e-01, 4.1015596587369862e-01,
       -5.6157392623303848e-01, 6.3176552459703217e-01,
       6.8049516964125778e-01, 5.8109854258771254e-01,
       -4.4637518736747933e-01, 4.0386445480416128e-01,
       1.4324634397251657e-01, -7.0292002920719932e-01,
       -6.9669499601895946e-01, 6.7225739726074640e-01, 0., 0., 0., 1. ]
T2_32: !!opencv-matrix
   rows: 4
   cols: 4
   dt: d
   data: [ -7.1732659114844832e-01, 4.1395447272399050e-01,
       -5.6043220476980993e-01, 6.3067002350514656e-01,
       6.8073052414672608e-01, 5.8782161647057007e-01,
       -4.3711749073315476e-01, 3.9764665659721438e-01,
       1.4848742413507834e-01, -6.9505930806063532e-01,
       -7.0345152153648849e-01, 6.8187564743643536e-01, 0., 0., 0., 1. ]
T1_33: !!opencv-matrix
   rows: 4
   cols: 4
   dt: d
   data: [ -5.2599277725408644e-01, 3.6558694347461324e-01,
       -7.6790480206691170e-01, 8.1007209378031986e-01,
       7.4962452030591908e-01, 6.2578160077742939e-01,
       -2.1554690135689400e-01, 1.9059390461392228e-01,
       4.0173956343961620e-01, -6.8901638216324568e-01,
       -6.0320953927969212e-01, 5.7785024166438548e-01, 0., 0., 0., 1. ]
T2_33: !!opencv-matrix
   rows: 4
   cols: 4
   dt: d
   data: [ -5.2287361037968338e-01, 3.6842421390134916e-01,
       -7.6867859745129341e-01, 8.1038349062968185e-01,
       7.4725272837411105e-01, 6.3200617434022310e-01,
       -2.0538148780569912e-01, 1.8318721656040554e-01,
       4.1014210647769611e-01, -6.8178573922238095e-01,
       -6.0576534919639435e-01, 5.8301449038942221e-01, 0., 0., 0., 1. ]
