%YAML:1.0
---
frameCount: 34
T1_0: !!opencv-matrix
   rows: 4
   cols: 4
   dt: d
   data: [ -7.4914526794395409e-01, -5.9847866218953472e-01,
       -2.8390959550710060e-01, 2.1133848548431888e-01,
       -1.1474633785066110e-01, 5.3937210665413038e-01,
       -8.3421280768958894e-01, 6.4946394586047218e-01,
       6.5239148175542783e-01, -5.9236899097379325e-01,
       -4.7274129612891547e-01, 4.1965735480024657e-01, 0., 0., 0., 1. ]
T2_0: !!opencv-matrix
   rows: 4
   cols: 4
   dt: d
   data: [ -7.4036898440019816e-01, -6.0413516735244088e-01,
       -2.9474474805542666e-01, 2.1901521665061435e-01,
       -1.1299313645520997e-01, 5.4408830402320019e-01,
       -8.3138466941553102e-01, 6.5053831658591521e-01,
       6.6263588648082816e-01, -5.8222728980458804e-01,
       -4.7108923247572831e-01, 4.2437106033578331e-01, 0., 0., 0., 1. ]
T1_1: !!opencv-matrix
   rows: 4
   cols: 4
   dt: d
   data: [ -8.4394927863142999e-01, -5.3128738885270144e-01,
       7.4049480373380744e-02, -6.9052914447813071e-02,
       -4.1850406621172176e-01, 5.6577057542375098e-01,
       -7.1046323096197783e-01, 5.4526908921901851e-01,
       3.3556513773296559e-01, -6.3058493990164100e-01,
       -6.9982760156162738e-01, 5.8206815493998210e-01, 0., 0., 0., 1. ]
T2_1: !!opencv-matrix
   rows: 4
   cols: 4
   dt: d
   data: [ -8.4122948261938113e-01, -5.3718285428124091e-01,
       6.1380278902819635e-02, -6.1448712268492148e-02,
       -4.1670298119873261e-01, 5.7181060064056233e-01,
       -7.0667620764758188e-01, 5.4479219568966208e-01,
       3.4451644812986426e-01, -6.2005420574441605e-01,
       -7.0486963256097512e-01, 5.9197788834717646e-01, 0., 0., 0., 1. ]
T1_2: !!opencv-matrix
   rows: 4
   cols: 4
   dt: d
   data: [ -7.0009584075094766e-01, -4.3180186796158149e-01,
       5.6869408348259853e-01, -4.4392038239749881e-01,
       -6.8370087085587461e-01, 6.3509265702362472e-01,
       -3.5945853194157346e-01, 2.6238835204822542e-01,
       -2.0595857096547940e-01, -6.4047206326237327e-01,
       -7.3984904083623459e-01, 5.8499416795961112e-01, 0., 0., 0., 1. ]
T2_2: !!opencv-matrix
   rows: 4
   cols: 4
   dt: d
   data: [ -7.0117899030772279e-01, -4.3713661522945785e-01,
       5.6325802539935044e-01, -4.4389103546699427e-01,
       -6.8196775487096062e-01, 6.4167401513830835e-01,
       -3.5096216265082403e-01, 2.5544227559531529e-01,
       -2.0800962686208474e-01, -6.3021110583836504e-01,
       -7.4804141410130587e-01, 5.9500128734530866e-01, 0., 0., 0., 1. ]
T1_3: !!opencv-matrix
   rows: 4
   cols: 4
   dt: d
   data: [ -5.9056136813333948e-01, -4.0228290287735763e-01,
       6.9957539730971430e-01, -5.3512126626173251e-01,
       -7.1645893599963539e-01, 6.6031254522721827e-01,
       -2.2510871960415754e-01, 1.5976668751887657e-01,
       -3.7138102199055423e-01, -6.3415755823621567e-01,
       -6.7817426067134989e-01, 5.2994739742130159e-01, 0., 0., 0., 1. ]
T2_3: !!opencv-matrix
   rows: 4
   cols: 4
   dt: d
   data: [ -5.9084293951198252e-01, -4.0609106503584197e-01,
       6.9713317789852391e-01, -5.3784026926017303e-01,
       -7.1302018278636803e-01, 6.6714468358000889e-01,
       -2.1568539614499638e-01, 1.5118918060376746e-01,
       -3.7750078114903768e-01, -6.2450621939976336e-01,
       -6.8372885134597072e-01, 5.3662909850911833e-01, 0., 0., 0., 1. ]
T1_4: !!opencv-matrix
   rows: 4
   cols: 4
   dt: d
   data: [ -8.2821518141551143e-01, -4.9504050713684461e-01,
       2.6266805966193896e-01, -2.1344481837684734e-01,
       -5.4160582153134418e-01, 5.8666030810668834e-01,
       -6.0207376373291954e-01, 4.5785246127574952e-01,
       1.4395397652107406e-01, -6.4090918169882805e-01,
       -7.5399779406700485e-01, 6.1646693107564654e-01, 0., 0., 0., 1. ]
T2_4: !!opencv-matrix
   rows: 4
   cols: 4
   dt: d
   data: [ -8.2847214517525769e-01, -5.0160062707943776e-01,
       2.4905966269595203e-01, -2.0665720552988709e-01,
       -5.3937053378554656e-01, 5.9498139403734340e-01,
       -5.9588301539251320e-01, 4.5595865810551622e-01,
       1.5070942887756283e-01, -6.2800792324850030e-01,
       -7.6347410983248443e-01, 6.3135940149602521e-01, 0., 0., 0., 1. ]
T1_5: !!opencv-matrix
   rows: 4
   cols: 4
   dt: d
   data: [ -7.9132518657105533e-01, -4.6958104792494315e-01,
       3.9153299800655028e-01, -3.0969692630645912e-01,
       -6.1138815181964334e-01, 6.0463013095557194e-01,
       -5.1051633916575967e-01, 3.8991830751882617e-01,
       2.9961496701348400e-03, -6.4336307336554555e-01,
       -7.6555534020526195e-01, 6.2435976132135584e-01, 0., 0., 0., 1. ]
T2_5: !!opencv-matrix
   rows: 4
   cols: 4
   dt: d
   data: [ -7.9243651844089991e-01, -4.7580164625288679e-01,
       3.8165057010871595e-01, -3.0579191227222802e-01,
       -6.0992092645796425e-01, 6.1156028084796576e-01,
       -5.0397468821143754e-01, 3.8591683442527869e-01,
       6.3896564793148036e-03, -6.3214461661252797e-01,
       -7.7482408066468622e-01, 6.3713571236341648e-01, 0., 0., 0., 1. ]
T1_6: !!opencv-matrix
   rows: 4
   cols: 4
   dt: d
   data: [ -2.9381062703802319e-01, 4.8882998001738653e-01,
       -8.2141376058337701e-01, 8.6240703152570819e-01,
       7.5889135927873830e-01, 6.4177730915212283e-01,
       1.1047981838113996e-01, -1.2875429239365466e-01,
       5.8117056037930281e-01, -5.9090366058576937e-01,
       -5.5952984161235353e-01, 5.2697619796176898e-01, 0., 0., 0., 1. ]
T2_6: !!opencv-matrix
   rows: 4
   cols: 4
   dt: d
   data: [ -2.9097643951992858e-01, 4.9169957280708432e-01,
       -8.2070959647468267e-01, 8.6025492970191442e-01,
       7.5368137473654073e-01, 6.4620366802993501e-01,
       1.1993833749012719e-01, -1.3531349852269903e-01,
       5.8931918093639535e-01, -5.8365430652569372e-01,
       -5.5861485251868159e-01, 5.2838556479840215e-01, 0., 0., 0., 1. ]
T1_7: !!opencv-matrix
   rows: 4
   cols: 4
   dt: d
   data: [ -5.1544082521199353e-01, 5.2063181127793967e-01,
       -6.8063446341647382e-01, 7.4105930527819242e-01,
       7.9287179599356616e-01, 5.9106275510848871e-01,
       -1.4832105259031725e-01, 1.0980057258213252e-01,
       3.2507702290798152e-01, -6.1610659516760136e-01,
       -7.1745215350451730e-01, 6.7992811889954319e-01, 0., 0., 0., 1. ]
T2_7: !!opencv-matrix
   rows: 4
   cols: 4
   dt: d
   data: [ -5.1290019066556081e-01, 5.2465122426526323e-01,
       -6.7946632535556306e-01, 7.3908688036785031e-01,
       7.9098015824131229e-01, 5.9640733556678605e-01,
       -1.3656016751115801e-01, 1.0070672962470791e-01,
       3.3359224164206780e-01, -6.0748611750318005e-01,
       -7.2088614451737998e-01, 6.8538079340373170e-01, 0., 0., 0., 1. ]
T1_8: !!opencv-matrix
   rows: 4
   cols: 4
   dt: d
   data: [ -6.6449738363232180e-01, 5.6158733064452937e-01,
       -4.9301409432728316e-01, 5.6693571113048113e-01,
       7.4547345009245847e-01, 5.4413425100280011e-01,
       -3.8495097362244568e-01, 3.3448214341849147e-01,
       5.2082265244958209e-02, -6.2332783264119840e-01,
       -7.8022423103988525e-01, 7.4154420376547447e-01, 0., 0., 0., 1. ]
T2_8: !!opencv-matrix
   rows: 4
   cols: 4
   dt: d
   data: [ -6.6275045005975408e-01, 5.6696660324842529e-01,
       -4.8919394083178969e-01, 5.6309095855312463e-01,
       7.4666379104354164e-01, 5.5009862307267143e-01,
       -3.7401161484376066e-01, 3.2665496839081049e-01,
       5.7052818423636159e-02, -6.1313976848227170e-01,
       -7.8791154339521285e-01, 7.5188179746482553e-01, 0., 0., 0., 1. ]
T1_9: !!opencv-matrix
   rows: 4
   cols: 4
   dt: d
   data: [ -7.4545691892517629e-01, 6.0273475142536381e-01,
       -2.8461342457935457e-01, 3.7706504645201139e-01,
       6.3084135361200300e-01, 5.0007800631924371e-01,
       -5.9326315760271686e-01, 5.2076194036493717e-01,
       -2.1525140789216390e-01, -6.2179804359613045e-01,
       -7.5301661627115912e-01, 7.1159146237979298e-01, 0., 0., 0., 1. ]
