# oST version 5.0 parameters


[image]

width
1280

height
720

[narrow_stereo]

camera matrix
1296.360337 0.000000 629.394693
0.000000 1309.626478 466.171776
0.000000 0.000000 1.000000

distortion
0.051927 -0.193584 0.001965 0.008501 0.000000

rectification
1.000000 0.000000 0.000000
0.000000 1.000000 0.000000
0.000000 0.000000 1.000000

projection
1298.136841 0.000000 637.410757 0.000000
0.000000 1319.193970 467.360573 0.000000
0.000000 0.000000 1.000000 0.000000

