%YAML:1.0
---
ArmTipToMarkerTagTransform: !!opencv-matrix
   rows: 4
   cols: 4
   dt: d
   data: [ 2.9490897438182195e-01, -8.1924873174647506e-01,
       -4.9179285513400295e-01, 2.0483318417052584e-01,
       8.9132584247486413e-01, 5.0388309763034100e-02,
       4.5055439269382169e-01, -3.6626183259371903e-01,
       -3.4433550407347746e-01, -5.7122021477799356e-01,
       7.4507753077344052e-01, -7.7902569129051236e-01, 0., 0., 0., 1. ]
