%YAML:1.0
---
frameCount: 37
T1_0: !!opencv-matrix
   rows: 4
   cols: 4
   dt: d
   data: [ 9.6684175486431712e-01, 2.4198569093858333e-01,
       -8.1608494851113128e-02, 1.8664870611596546e-01,
       -5.4740209506149579e-02, 5.0851111702704599e-01,
       8.5931365247104552e-01, 6.8185346871261626e-02,
       2.4944043480179909e-01, -8.2635305362834022e-01,
       5.0489612817391172e-01, 8.1646888637137871e-01, 0., 0., 0., 1. ]
T2_0: !!opencv-matrix
   rows: 4
   cols: 4
   dt: d
   data: [ -8.3582980249850181e-01, -5.4181385069520371e-01,
       -8.8466335123315754e-02, 7.8299192196771103e-02,
       -3.9491186785159549e-01, 7.0533102446790863e-01,
       -5.8868732154940651e-01, 5.9436407501621979e-01,
       3.8135699532757916e-01, -4.5710600205847862e-01,
       -8.0350541068298642e-01, 9.4855558103270843e-01, 0., 0., 0., 1. ]
T1_1: !!opencv-matrix
   rows: 4
   cols: 4
   dt: d
   data: [ 9.6407472083824763e-01, 2.5093218103748594e-01,
       -8.7137667861983542e-02, 2.4535424366150668e-01,
       -5.1131348266628976e-02, 4.9721108320168994e-01,
       8.6612165656207840e-01, 7.6908575344907637e-02,
       2.6066361055024856e-01, -8.3055052781945338e-01,
       4.9217913697528437e-01, 8.4995787526726929e-01, 0., 0., 0., 1. ]
T2_1: !!opencv-matrix
   rows: 4
   cols: 4
   dt: d
   data: [ -8.4449189759203680e-01, -5.2605571222059710e-01,
       -1.0049289796538088e-01, 1.3568602707612426e-01,
       -3.6991664859480844e-01, 7.0861853896867966e-01,
       -6.0085059650655148e-01, 6.3264915856351167e-01,
       3.8729201901638144e-01, -4.7023946439019138e-01,
       -7.9301938068135525e-01, 9.6620562826022849e-01, 0., 0., 0., 1. ]
T1_2: !!opencv-matrix
   rows: 4
   cols: 4
   dt: d
   data: [ 9.7384344695168845e-01, 2.0203461685634838e-01,
       -1.0397573957881959e-01, 8.0319155474145920e-02,
       -6.8646354874382018e-02, 6.9781744661517542e-01,
       7.1297860357933407e-01, 1.0443175555844633e-01,
       2.1660244410374138e-01, -6.8719198539504622e-01,
       6.9343388756037894e-01, 6.8585994353310509e-01, 0., 0., 0., 1. ]
T2_2: !!opencv-matrix
   rows: 4
   cols: 4
   dt: d
   data: [ -8.2223515747160714e-01, -5.6331468598167989e-01,
       8.1276751749825793e-02, -2.0239740271420545e-02,
       -5.3236725678605457e-01, 7.1071299268092214e-01,
       -4.5986100719306316e-01, 4.8234793104129270e-01,
       2.0128201539067631e-01, -4.2138296903397604e-01,
       -8.8426350353747996e-01, 1.0322452701849276e+00, 0., 0., 0., 1. ]
T1_3: !!opencv-matrix
   rows: 4
   cols: 4
   dt: d
   data: [ 9.8382379058403824e-01, 1.5796396204716728e-01,
       -8.4487488867970681e-02, 5.1153666577676560e-03,
       -4.8639026690129150e-02, 6.8946236122588522e-01,
       7.2268658319873613e-01, 1.0966011461640485e-01,
       1.7240937956935892e-01, -7.0688686446077642e-01,
       6.8599268705236249e-01, 7.3007788547188923e-01, 0., 0., 0., 1. ]
T2_3: !!opencv-matrix
   rows: 4
   cols: 4
   dt: d
   data: [ -8.3304385335063946e-01, -5.5032365071438194e-01,
       5.6407604621303356e-02, -2.5470409517617212e-02,
       -5.1274407096044528e-01, 7.2980988007692371e-01,
       -4.5218475940373759e-01, 4.3082750103844386e-01,
       2.0768114042836944e-01, -4.0561239922677572e-01,
       -8.9013882372575504e-01, 9.4995250074887416e-01, 0., 0., 0., 1. ]
T1_4: !!opencv-matrix
   rows: 4
   cols: 4
   dt: d
   data: [ 9.8141258184644231e-01, 1.7631284180491902e-01,
       -7.5783415126093240e-02, 5.7425117689503605e-02,
       -4.3829707267050072e-02, 5.9037965114072755e-01,
       8.0593475187501229e-01, 1.1691224771878692e-01,
       1.8683763259682154e-01, -7.8763294073675361e-01,
       5.8713375793935474e-01, 8.4428138000591757e-01, 0., 0., 0., 1. ]
T2_4: !!opencv-matrix
   rows: 4
   cols: 4
   dt: d
   data: [ -8.3761482758440486e-01, -5.4449371930435309e-01,
       -4.3908885761998279e-02, 7.7135304074967853e-02,
       -4.4572080833811195e-01, 7.2770879432542934e-01,
       -5.2131839759963405e-01, 4.7264899645138736e-01,
       3.1580747556884703e-01, -4.1709291566693196e-01,
       -8.5223185699391091e-01, 8.8635644334257568e-01, 0., 0., 0., 1. ]
T1_5: !!opencv-matrix
   rows: 4
   cols: 4
   dt: d
   data: [ 9.7968822247150544e-01, 1.7864486266960716e-01,
       -9.1087868524733967e-02, 1.4615254472646325e-01,
       2.8736680231761375e-03, 4.4168878888332308e-01,
       8.9716372853948778e-01, 1.2176405355583710e-01,
       2.0050618140774265e-01, -8.7920249477383794e-01,
       4.3220393843733640e-01, 1.0096203773878665e+00, 0., 0., 0., 1. ]
T2_5: !!opencv-matrix
   rows: 4
   cols: 4
   dt: d
   data: [ -8.8375088819192760e-01, -4.3372128883200639e-01,
       -1.7569920669679107e-01, 2.0220896937912020e-01,
       -2.5378601803228534e-01, 7.5966600926964101e-01,
       -5.9874887174144564e-01, 5.2757620574167441e-01,
       3.9316284752160258e-01, -4.8455484516640729e-01,
       -7.8142790924976802e-01, 8.2646710583310168e-01, 0., 0., 0., 1. ]
T1_6: !!opencv-matrix
   rows: 4
   cols: 4
   dt: d
   data: [ 9.7344874068964959e-01, 1.9284629857990304e-01,
       -1.2332012963732300e-01, 2.8073321360633141e-01,
       1.9387211681484912e-02, 4.6734429732317084e-01,
       8.8386279692197078e-01, 5.5126533211492280e-02,
       2.2808262817003963e-01, -8.6278596006399089e-01,
       4.5119696568517043e-01, 8.7692531628095061e-01, 0., 0., 0., 1. ]
T2_6: !!opencv-matrix
   rows: 4
   cols: 4
   dt: d
   data: [ -9.1434381227807404e-01, -3.8814206870402246e-01,
       -1.1541718871537421e-01, 1.4338685552435612e-01,
       -2.4454418847586026e-01, 7.5645220763788490e-01,
       -6.0661206503205434e-01, 6.5483348543860997e-01,
       3.2275924902546371e-01, -5.2642738536471700e-01,
       -7.8657528254235576e-01, 9.8016466311393746e-01, 0., 0., 0., 1. ]
T1_7: !!opencv-matrix
   rows: 4
   cols: 4
   dt: d
   data: [ 9.7533134774793506e-01, 2.0162564562061247e-01,
       -8.9865795096174775e-02, 2.5109518758074423e-01,
       -2.0372780132281595e-02, 4.8758036658437165e-01,
       8.7284038400565045e-01, 7.1569223638985865e-02,
       2.1980380326527155e-01, -8.4947777201614927e-01,
       4.7966009102342555e-01, 7.7315612324758565e-01, 0., 0., 0., 1. ]
T2_7: !!opencv-matrix
   rows: 4
   cols: 4
   dt: d
   data: [ -8.7044845825097550e-01, -4.8049522659037797e-01,
       -1.0697578582259085e-01, 5.8979521771358803e-02,
       -3.2893864057543548e-01, 7.2942673752293707e-01,
       -5.9977996408935574e-01, 6.2554675345197353e-01,
       3.6622240819600860e-01, -4.8688907546843324e-01,
       -7.9298182572150422e-01, 1.0177232386175208e+00, 0., 0., 0., 1. ]
T1_8: !!opencv-matrix
   rows: 4
   cols: 4
   dt: d
   data: [ 9.8488230350486972e-01, 1.6356559242380225e-01,
       -5.7036349970805637e-02, 2.1800454832441346e-01,
       -4.4362440037007046e-02, 5.5644275023620215e-01,
       8.2970081331979806e-01, 8.2903463553537116e-02,
       1.6744796850635293e-01, -8.1462737658675710e-01,
       5.5528678640723417e-01, 6.6462852528267291e-01, 0., 0., 0., 1. ]
T2_8: !!opencv-matrix
   rows: 4
   cols: 4
   dt: d
   data: [ -8.3548853508933973e-01, -5.4465881557097851e-01,
       -7.2840115012869855e-02, -7.4293512896184237e-03,
       -4.2662327276119616e-01, 7.2647308437566549e-01,
       -5.3872946904381724e-01, 5.9958287023649026e-01,
       3.4634013754226545e-01, -4.1902700664578413e-01,
       -8.3932405948398658e-01, 1.0718589084015238e+00, 0., 0., 0., 1. ]
T1_9: !!opencv-matrix
   rows: 4
   cols: 4
   dt: d
   data: [ 9.8847017311294505e-01, 1.3467929412931995e-01,
       -6.9196853966727728e-02, 2.6734277061261569e-01,
       -2.0658557302514063e-03, 4.6895225321072687e-01,
       8.8322110280987065e-01, 1.2818019585436494e-01,
       1.5140161526934351e-01, -8.7289476567419655e-01,
       4.6382354290443606e-01, 8.6154758337368587e-01, 0., 0., 0., 1. ]
