%YAML:1.0
---
frameCount: 37
T1_0: !!opencv-matrix
   rows: 4
   cols: 4
   dt: d
   data: [ 9.6684175486431712e-01, 2.4198569093858333e-01,
       -8.1608494851113128e-02, 1.8664870611596546e-01,
       -5.4740209506149579e-02, 5.0851111702704599e-01,
       8.5931365247104552e-01, 6.8185346871261626e-02,
       2.4944043480179909e-01, -8.2635305362834022e-01,
       5.0489612817391172e-01, 8.1646888637137871e-01, 0., 0., 0., 1. ]
T2_0: !!opencv-matrix
   rows: 4
   cols: 4
   dt: d
   data: [ -8.3582980249850181e-01, -5.4181385069520371e-01,
       -8.8466335123315754e-02, 7.8299192196771103e-02,
       -3.9491186785159549e-01, 7.0533102446790863e-01,
       -5.8868732154940651e-01, 5.9436407501621979e-01,
       3.8135699532757916e-01, -4.5710600205847862e-01,
       -8.0350541068298642e-01, 9.4855558103270843e-01, 0., 0., 0., 1. ]
T1_1: !!opencv-matrix
   rows: 4
   cols: 4
   dt: d
   data: [ 9.6407472083824763e-01, 2.5093218103748594e-01,
       -8.7137667861983542e-02, 2.4535424366150668e-01,
       -5.1131348266628976e-02, 4.9721108320168994e-01,
       8.6612165656207840e-01, 7.6908575344907637e-02,
       2.6066361055024856e-01, -8.3055052781945338e-01,
       4.9217913697528437e-01, 8.4995787526726929e-01, 0., 0., 0., 1. ]
T2_1: !!opencv-matrix
   rows: 4
   cols: 4
   dt: d
   data: [ -8.4449189759203680e-01, -5.2605571222059710e-01,
       -1.0049289796538088e-01, 1.3568602707612426e-01,
       -3.6991664859480844e-01, 7.0861853896867966e-01,
       -6.0085059650655148e-01, 6.3264915856351167e-01,
       3.8729201901638144e-01, -4.7023946439019138e-01,
       -7.9301938068135525e-01, 9.6620562826022849e-01, 0., 0., 0., 1. ]
T1_2: !!opencv-matrix
   rows: 4
   cols: 4
   dt: d
   data: [ 9.7384344695168845e-01, 2.0203461685634838e-01,
       -1.0397573957881959e-01, 8.0319155474145920e-02,
       -6.8646354874382018e-02, 6.9781744661517542e-01,
       7.1297860357933407e-01, 1.0443175555844633e-01,
       2.1660244410374138e-01, -6.8719198539504622e-01,
       6.9343388756037894e-01, 6.8585994353310509e-01, 0., 0., 0., 1. ]
T2_2: !!opencv-matrix
   rows: 4
   cols: 4
   dt: d
   data: [ -8.2223515747160714e-01, -5.6331468598167989e-01,
       8.1276751749825793e-02, -2.0239740271420545e-02,
       -5.3236725678605457e-01, 7.1071299268092214e-01,
       -4.5986100719306316e-01, 4.8234793104129270e-01,
       2.0128201539067631e-01, -4.2138296903397604e-01,
       -8.8426350353747996e-01, 1.0322452701849276e+00, 0., 0., 0., 1. ]
T1_3: !!opencv-matrix
   rows: 4
   cols: 4
   dt: d
   data: [ 9.8382379058403824e-01, 1.5796396204716728e-01,
       -8.4487488867970681e-02, 5.1153666577676560e-03,
       -4.8639026690129150e-02, 6.8946236122588522e-01,
       7.2268658319873613e-01, 1.0966011461640485e-01,
       1.7240937956935892e-01, -7.0688686446077642e-01,
       6.8599268705236249e-01, 7.3007788547188923e-01, 0., 0., 0., 1. ]
T2_3: !!opencv-matrix
   rows: 4
   cols: 4
   dt: d
   data: [ -8.3304385335063946e-01, -5.5032365071438194e-01,
       5.6407604621303356e-02, -2.5470409517617212e-02,
       -5.1274407096044528e-01, 7.2980988007692371e-01,
       -4.5218475940373759e-01, 4.3082750103844386e-01,
       2.0768114042836944e-01, -4.0561239922677572e-01,
       -8.9013882372575504e-01, 9.4995250074887416e-01, 0., 0., 0., 1. ]
T1_4: !!opencv-matrix
   rows: 4
   cols: 4
   dt: d
   data: [ 9.8141258184644231e-01, 1.7631284180491902e-01,
       -7.5783415126093240e-02, 5.7425117689503605e-02,
       -4.3829707267050072e-02, 5.9037965114072755e-01,
       8.0593475187501229e-01, 1.1691224771878692e-01,
       1.8683763259682154e-01, -7.8763294073675361e-01,
       5.8713375793935474e-01, 8.4428138000591757e-01, 0., 0., 0., 1. ]
T2_4: !!opencv-matrix
   rows: 4
   cols: 4
   dt: d
   data: [ -8.3761482758440486e-01, -5.4449371930435309e-01,
       -4.3908885761998279e-02, 7.7135304074967853e-02,
       -4.4572080833811195e-01, 7.2770879432542934e-01,
       -5.2131839759963405e-01, 4.7264899645138736e-01,
       3.1580747556884703e-01, -4.1709291566693196e-01,
       -8.5223185699391091e-01, 8.8635644334257568e-01, 0., 0., 0., 1. ]
T1_5: !!opencv-matrix
   rows: 4
   cols: 4
   dt: d
   data: [ 9.7968822247150544e-01, 1.7864486266960716e-01,
       -9.1087868524733967e-02, 1.4615254472646325e-01,
       2.8736680231761375e-03, 4.4168878888332308e-01,
       8.9716372853948778e-01, 1.2176405355583710e-01,
       2.0050618140774265e-01, -8.7920249477383794e-01,
       4.3220393843733640e-01, 1.0096203773878665e+00, 0., 0., 0., 1. ]
T2_5: !!opencv-matrix
   rows: 4
   cols: 4
   dt: d
   data: [ -8.8375088819192760e-01, -4.3372128883200639e-01,
       -1.7569920669679107e-01, 2.0220896937912020e-01,
       -2.5378601803228534e-01, 7.5966600926964101e-01,
       -5.9874887174144564e-01, 5.2757620574167441e-01,
       3.9316284752160258e-01, -4.8455484516640729e-01,
       -7.8142790924976802e-01, 8.2646710583310168e-01, 0., 0., 0., 1. ]
T1_6: !!opencv-matrix
   rows: 4
   cols: 4
   dt: d
   data: [ 9.7344874068964959e-01, 1.9284629857990304e-01,
       -1.2332012963732300e-01, 2.8073321360633141e-01,
       1.9387211681484912e-02, 4.6734429732317084e-01,
       8.8386279692197078e-01, 5.5126533211492280e-02,
       2.2808262817003963e-01, -8.6278596006399089e-01,
       4.5119696568517043e-01, 8.7692531628095061e-01, 0., 0., 0., 1. ]
T2_6: !!opencv-matrix
   rows: 4
   cols: 4
   dt: d
   data: [ -9.1434381227807404e-01, -3.8814206870402246e-01,
       -1.1541718871537421e-01, 1.4338685552435612e-01,
       -2.4454418847586026e-01, 7.5645220763788490e-01,
       -6.0661206503205434e-01, 6.5483348543860997e-01,
       3.2275924902546371e-01, -5.2642738536471700e-01,
       -7.8657528254235576e-01, 9.8016466311393746e-01, 0., 0., 0., 1. ]
T1_7: !!opencv-matrix
   rows: 4
   cols: 4
   dt: d
   data: [ 9.7533134774793506e-01, 2.0162564562061247e-01,
       -8.9865795096174775e-02, 2.5109518758074423e-01,
       -2.0372780132281595e-02, 4.8758036658437165e-01,
       8.7284038400565045e-01, 7.1569223638985865e-02,
       2.1980380326527155e-01, -8.4947777201614927e-01,
       4.7966009102342555e-01, 7.7315612324758565e-01, 0., 0., 0., 1. ]
T2_7: !!opencv-matrix
   rows: 4
   cols: 4
   dt: d
   data: [ -8.7044845825097550e-01, -4.8049522659037797e-01,
       -1.0697578582259085e-01, 5.8979521771358803e-02,
       -3.2893864057543548e-01, 7.2942673752293707e-01,
       -5.9977996408935574e-01, 6.2554675345197353e-01,
       3.6622240819600860e-01, -4.8688907546843324e-01,
       -7.9298182572150422e-01, 1.0177232386175208e+00, 0., 0., 0., 1. ]
T1_8: !!opencv-matrix
   rows: 4
   cols: 4
   dt: d
   data: [ 9.8488230350486972e-01, 1.6356559242380225e-01,
       -5.7036349970805637e-02, 2.1800454832441346e-01,
       -4.4362440037007046e-02, 5.5644275023620215e-01,
       8.2970081331979806e-01, 8.2903463553537116e-02,
       1.6744796850635293e-01, -8.1462737658675710e-01,
       5.5528678640723417e-01, 6.6462852528267291e-01, 0., 0., 0., 1. ]
T2_8: !!opencv-matrix
   rows: 4
   cols: 4
   dt: d
   data: [ -8.3548853508933973e-01, -5.4465881557097851e-01,
       -7.2840115012869855e-02, -7.4293512896184237e-03,
       -4.2662327276119616e-01, 7.2647308437566549e-01,
       -5.3872946904381724e-01, 5.9958287023649026e-01,
       3.4634013754226545e-01, -4.1902700664578413e-01,
       -8.3932405948398658e-01, 1.0718589084015238e+00, 0., 0., 0., 1. ]
T1_9: !!opencv-matrix
   rows: 4
   cols: 4
   dt: d
   data: [ 9.8847017311294505e-01, 1.3467929412931995e-01,
       -6.9196853966727728e-02, 2.6734277061261569e-01,
       -2.0658557302514063e-03, 4.6895225321072687e-01,
       8.8322110280987065e-01, 1.2818019585436494e-01,
       1.5140161526934351e-01, -8.7289476567419655e-01,
       4.6382354290443606e-01, 8.6154758337368587e-01, 0., 0., 0., 1. ]
T2_9: !!opencv-matrix
   rows: 4
   cols: 4
   dt: d
   data: [ -8.7647488742942214e-01, -4.5815342158010736e-01,
       -1.4794327967171123e-01, 1.7349141506403981e-01,
       -3.0423990708969956e-01, 7.6522736835021732e-01,
       -5.6733160819916584e-01, 5.9972766228605945e-01,
       3.7313516403527652e-01, -4.5224165776965009e-01,
       -8.1009112594702937e-01, 9.9755489521434648e-01, 0., 0., 0., 1. ]
T1_10: !!opencv-matrix
   rows: 4
   cols: 4
   dt: d
   data: [ 9.9221265531899339e-01, 9.9335926706799721e-02,
       -7.5142666243178460e-02, 1.6272415790123190e-01,
       1.8766515044296508e-03, 5.9129607864277167e-01,
       8.0645237029896077e-01, 1.3139429984497208e-01,
       1.2454125743689647e-01, -8.0031326432028016e-01,
       5.8650503335355464e-01, 7.5861916903338333e-01, 0., 0., 0., 1. ]
T2_10: !!opencv-matrix
   rows: 4
   cols: 4
   dt: d
   data: [ -8.7285047684744699e-01, -4.8499236200886120e-01,
       -5.3985681993006726e-02, 5.5952047230593757e-02,
       -3.9850374071535377e-01, 7.7226900151388334e-01,
       -4.9476798394461602e-01, 5.1844248355879052e-01,
       2.8165016190844694e-01, -4.1034497449562540e-01,
       -8.6734663670480083e-01, 1.0221007287377903e+00, 0., 0., 0., 1. ]
T1_11: !!opencv-matrix
   rows: 4
   cols: 4
   dt: d
   data: [ 9.8337930093748782e-01, -8.4541940016914563e-02,
       -1.6067921728049989e-01, 6.8127954735090535e-02,
       1.7302116608444323e-01, 7.0460378354912367e-01,
       6.8818397561628764e-01, 1.5852253313557194e-01,
       5.5034776046398004e-02, -7.0454678239733382e-01,
       7.0752032114921393e-01, 6.0129384720063772e-01, 0., 0., 0., 1. ]
T2_11: !!opencv-matrix
   rows: 4
   cols: 4
   dt: d
   data: [ -9.5239359841727733e-01, -2.7014272604598899e-01,
       1.4131291964371653e-01, -1.1997128132360227e-01,
       -3.0264886436300076e-01, 8.9361711949200584e-01,
       -3.3143944944830589e-01, 3.5988875994385006e-01,
       -3.6743687805876148e-02, -3.5842900456750409e-01,
       -9.3283361329401737e-01, 1.1330142445711444e+00, 0., 0., 0., 1. ]
T1_12: !!opencv-matrix
   rows: 4
   cols: 4
   dt: d
   data: [ 9.8799345905514901e-01, 1.2001044699528199e-01,
       -9.7295516218549857e-02, -4.0595849868183209e-01,
       -5.4601991978870501e-02, 8.6035678714687214e-01,
       5.0675913537128370e-01, 8.8640465983308464e-02,
       1.4452524809243833e-01, -4.9536218206712584e-01,
       8.5657968761902992e-01, 6.9350266602827459e-01, 0., 0., 0., 1. ]
T2_12: !!opencv-matrix
   rows: 4
   cols: 4
   dt: d
   data: [ -7.3182652740847942e-01, -5.6682234907811557e-01,
       3.7834158952831587e-01, -2.5087913574138693e-01,
       -6.7111115806581900e-01, 6.9594325899075882e-01,
       -2.5548540816429582e-01, 1.6961647665660498e-01,
       -1.1848943961721278e-01, -4.4088026135322550e-01,
       -8.8971054160794916e-01, 7.2603510183443931e-01, 0., 0., 0., 1. ]
T1_13: !!opencv-matrix
   rows: 4
   cols: 4
   dt: d
   data: [ 9.8829434738633692e-01, 1.1242059029927556e-01,
       -1.0313046979907020e-01, -5.0287701258591810e-01,
       -4.7010506016523401e-02, 8.6752279293605816e-01,
       4.9517089581324508e-01, 8.6526545554072978e-02,
       1.4513543760324327e-01, -4.8452638175148283e-01,
       8.6265282132415910e-01, 6.7965516602979936e-01, 0., 0., 0., 1. ]
T2_13: !!opencv-matrix
   rows: 4
   cols: 4
   dt: d
   data: [ -7.2576053013363562e-01, -5.6147881264536292e-01,
       3.9750873682284937e-01, -3.1053036274032408e-01,
       -6.7286628640612434e-01, 6.9967938530822238e-01,
       -2.4020765681538869e-01, 1.1168516533666276e-01,
       -1.4325715869782987e-01, -4.4180346391247505e-01,
       -8.8559984516527712e-01, 6.6172578275735638e-01, 0., 0., 0., 1. ]
T1_14: !!opencv-matrix
   rows: 4
   cols: 4
   dt: d
   data: [ 9.4751475748347835e-01, -2.2667248418576572e-01,
       -2.2546700260587804e-01, -4.9142675066619201e-01,
       3.0710409686170670e-01, 8.4137703434408240e-01,
       4.4471536938710837e-01, 6.7309065171788834e-02,
       8.8898020460416893e-02, -4.9061621558139573e-01,
       8.6682920518797058e-01, 6.5999731280798457e-01, 0., 0., 0., 1. ]
T2_14: !!opencv-matrix
   rows: 4
   cols: 4
   dt: d
   data: [ -8.3574178515069897e-01, -2.1204475375647505e-01,
       5.0653004941215374e-01, -3.6006836911240669e-01,
       -3.4891346437003468e-01, 9.1734656144654103e-01,
       -1.9166293481919761e-01, 1.1292387594798671e-01,
       -4.2402247927960574e-01, -3.3691587764093767e-01,
       -8.4065012249985016e-01, 6.5121819459712593e-01, 0., 0., 0., 1. ]
T1_15: !!opencv-matrix
   rows: 4
   cols: 4
   dt: d
   data: [ 8.1075314612483595e-01, 5.7966960732486306e-01,
       -8.1624030729433236e-02, -4.9743844980278451e-01,
       -5.0786896267841142e-01, 7.6586088115172923e-01,
       3.9436813698554712e-01, 5.4914302416478392e-02,
       2.9111587520544946e-01, -2.7828089597623457e-01,
       9.1532032105598382e-01, 6.7228180002335491e-01, 0., 0., 0., 1. ]
T2_15: !!opencv-matrix
   rows: 4
   cols: 4
   dt: d
   data: [ -3.5551398118702893e-01, -8.0846906023817700e-01,
       4.6902834436539975e-01, -3.0597977930187092e-01,
       -9.2586992655070444e-01, 2.3591409898717353e-01,
       -2.9514304499354793e-01, 2.0243123805683816e-01,
       1.2796362096135860e-01, -5.3918671769310977e-01,
       -8.3240794997031875e-01, 6.7980789379561990e-01, 0., 0., 0., 1. ]
T1_16: !!opencv-matrix
   rows: 4
   cols: 4
   dt: d
   data: [ 5.7296767842024132e-01, 8.1721312368771659e-01,
       -6.2215351467977839e-02, -5.0907932476239670e-01,
       -7.6272074304739401e-01, 5.5946157176114641e-01,
       3.2443769486263296e-01, 5.1950995337235059e-02,
       2.9994184038068150e-01, -1.3843937371684664e-01,
       9.4385879886450019e-01, 6.7871421366324580e-01, 0., 0., 0., 1. ]
T2_16: !!opencv-matrix
   rows: 4
   cols: 4
   dt: d
   data: [ -7.7737866491788488e-02, -8.5845499559037963e-01,
       5.0696335632787737e-01, -3.2637453358606189e-01,
       -9.3667612076157469e-01, -1.1127137014359034e-01,
       -3.3204898280436945e-01, 2.2818301179152067e-01,
       3.4145961534031100e-01, -5.0067324946744418e-01,
       -7.9544429620141077e-01, 6.3338475084595092e-01, 0., 0., 0., 1. ]
T1_17: !!opencv-matrix
   rows: 4
   cols: 4
   dt: d
   data: [ 5.8045146997977226e-01, 8.1001213399669725e-01,
       -8.3405238303347007e-02, -7.1598842002693219e-01,
       -7.7773559974171413e-01, 5.8182147508348336e-01,
       2.3793088918018970e-01, 5.3898136730404042e-02,
       2.4125386606791999e-01, -7.3240111344781228e-02,
       9.6769440330999446e-01, 5.9423925404805977e-01, 0., 0., 0., 1. ]
T2_17: !!opencv-matrix
   rows: 4
   cols: 4
   dt: d
   data: [ -3.4777075887985287e-02, -7.8124989816675683e-01,
       6.2324886811538871e-01, -4.7355781408805048e-01,
       -9.6297624126917492e-01, -1.4062184123520094e-01,
       -2.3000490542315347e-01, 8.9514465418728498e-02,
       2.6733371232183406e-01, -6.0817275044353469e-01,
       -7.4743467398440444e-01, 6.0599224178567734e-01, 0., 0., 0., 1. ]
T1_18: !!opencv-matrix
   rows: 4
   cols: 4
   dt: d
   data: [ 6.4764369695342039e-01, 7.2505570704455080e-01,
       -2.3420474691737719e-01, -7.6866968719203099e-01,
       -7.2576881186470843e-01, 6.8061630658684780e-01,
       1.0010531920216603e-01, 7.0875174470268788e-03,
       2.3198550282505964e-01, 1.0514592189050653e-01,
       9.6701968004213845e-01, 5.9667758059669951e-01, 0., 0., 0., 1. ]
T2_18: !!opencv-matrix
   rows: 4
   cols: 4
   dt: d
   data: [ -9.3430983748318264e-02, -6.8373843603465867e-01,
       7.2372121867795247e-01, -5.1880846507368528e-01,
       -9.8539366314061272e-01, -4.0441893116637040e-02,
       -1.6542001669528172e-01, 7.3725729883021951e-02,
       1.4237267967607498e-01, -7.2860565765715934e-01,
       -6.6997299625569395e-01, 5.7608483686616019e-01, 0., 0., 0., 1. ]
T1_19: !!opencv-matrix
   rows: 4
   cols: 4
   dt: d
   data: [ 6.8760294961067692e-01, 6.4898774441350926e-01,
       -3.2560265860057497e-01, -6.6345787549703117e-01,
       -6.1506896238810649e-01, 7.5893255399403292e-01,
       2.1380259585634653e-01, -1.1854084406081064e-01,
       3.8586572171354500e-01, 5.3256793831021165e-02,
       9.2101648124087609e-01, 5.8791729474000720e-01, 0., 0., 0., 1. ]
T2_19: !!opencv-matrix
   rows: 4
   cols: 4
   dt: d
   data: [ -2.8618140675306458e-01, -6.2791765926345089e-01,
       7.2375383633798185e-01, -5.4650853307642255e-01,
       -9.5390447141447210e-01, 1.1546728252143879e-01,
       -2.7700824190372192e-01, 2.0718458201071913e-01,
       9.0368478156455823e-02, -7.6966662903637917e-01,
       -6.3201805219745388e-01, 5.6964555296681230e-01, 0., 0., 0., 1. ]
T1_20: !!opencv-matrix
   rows: 4
   cols: 4
   dt: d
   data: [ 7.7762563464952184e-01, 4.1093443730927670e-01,
       -4.7584793849425960e-01, -5.8988554020994699e-01,
       -2.6049344020490262e-01, 8.9940573672173707e-01,
       3.5101636480689069e-01, -1.8772797460993768e-01,
       5.7222507804721690e-01, -1.4900405694254593e-01,
       8.0644668209902082e-01, 5.7159532099039712e-01, 0., 0., 0., 1. ]
T2_20: !!opencv-matrix
   rows: 4
   cols: 4
   dt: d
   data: [ -6.3794232743163470e-01, -3.8276937149349582e-01,
       6.6821942138610635e-01, -5.7446594687147023e-01,
       -7.5780649340533812e-01, 4.6636164538348757e-01,
       -4.5632897592407096e-01, 2.3636840356673702e-01,
       -1.3696315352609939e-01, -7.9749258552144564e-01,
       -5.8757694867523980e-01, 5.5331827403923994e-01, 0., 0., 0., 1. ]
T1_21: !!opencv-matrix
   rows: 4
   cols: 4
   dt: d
   data: [ 8.3687889170900520e-01, 3.3334775732527905e-01,
       -4.3418083018267167e-01, -5.8137834282932488e-01,
       -1.4380548864293702e-01, 8.9921422422920294e-01,
       4.1319941962693862e-01, -1.7362213623500172e-01,
       5.2816067824864932e-01, -2.8336028590838147e-01,
       8.0047064051209715e-01, 6.7534953341665871e-01, 0., 0., 0., 1. ]
T2_21: !!opencv-matrix
   rows: 4
   cols: 4
   dt: d
   data: [ -7.2118544020720687e-01, -3.7389163430011596e-01,
       5.8317802310574574e-01, -4.8176379993268847e-01,
       -6.7330881918861052e-01, 5.7632349179278841e-01,
       -4.6314842848767906e-01, 2.4017057698080668e-01,
       -1.6293187176233015e-01, -7.2667480939424078e-01,
       -6.6738064592544766e-01, 4.9613805848918546e-01, 0., 0., 0., 1. ]
T1_22: !!opencv-matrix
   rows: 4
   cols: 4
   dt: d
   data: [ 8.5274927813686252e-01, 1.7943898660827473e-01,
       -4.9053065013519320e-01, -6.6098933291865447e-01,
       -7.5748837128522123e-03, 9.4328711444574342e-01,
       3.3189161010390072e-01, -1.3551300347332720e-01,
       5.2226553569405354e-01, -2.7930461830341852e-01,
       8.0574663537652147e-01, 8.2494646499539925e-01, 0., 0., 0., 1. ]
T2_22: !!opencv-matrix
   rows: 4
   cols: 4
   dt: d
   data: [ -7.1761314677773069e-01, -2.4365155550196574e-01,
       6.5243029594987023e-01, -3.7803315963978523e-01,
       -6.0603758727358270e-01, 6.8004600192188835e-01,
       -4.1262074363956736e-01, 1.6802516984875365e-01,
       -3.4314692827326521e-01, -6.9149935269060625e-01,
       -6.3567195222464767e-01, 3.7825061498315871e-01, 0., 0., 0., 1. ]
T1_23: !!opencv-matrix
   rows: 4
   cols: 4
   dt: d
   data: [ 9.9714030525581643e-01, -3.6665467369606589e-02,
       6.6082184716499875e-02, -5.1836692286368780e-01,
       -5.7080740004150400e-03, 8.3538201502048437e-01,
       5.4964016126145754e-01, 2.1453403066672239e-01,
       -7.5356682023182797e-02, -5.4844556018157686e-01,
       8.3278378826173927e-01, 8.9534310435742448e-01, 0., 0., 0., 1. ]
T2_23: !!opencv-matrix
   rows: 4
   cols: 4
   dt: d
   data: [ -7.4870430499432739e-01, -6.1976880509468280e-01,
       2.3522009249736819e-01, -8.5331079487470790e-02,
       -6.5903665443160975e-01, 7.3417510364434335e-01,
       -1.6327156918584695e-01, 1.5988995349486210e-02,
       -7.1502110448241132e-02, -2.7726078954718203e-01,
       -9.5813042054885256e-01, 5.5208682494173333e-01, 0., 0., 0., 1. ]
T1_24: !!opencv-matrix
   rows: 4
   cols: 4
   dt: d
   data: [ 9.1523260026712572e-01, 3.8983917334128593e-01,
       -1.0185630239144977e-01, -5.5945273692435438e-01,
       -3.0814511192268090e-01, 8.4008255775793361e-01,
       4.4643911807663839e-01, 6.4922325091643349e-02,
       2.5960715977498411e-01, -3.7720911319780037e-01,
       8.8899797947694736e-01, 7.8531367569340493e-01, 0., 0., 0., 1. ]
T2_24: !!opencv-matrix
   rows: 4
   cols: 4
   dt: d
   data: [ -5.4282338735566760e-01, -7.2157890269155445e-01,
       4.2972858565630817e-01, -2.5029866410288393e-01,
       -8.3971475939731044e-01, 4.5723375775419273e-01,
       -2.9294438656560240e-01, 1.2943802686667935e-01,
       1.4896072973629715e-02, -5.1986650013290181e-01,
       -8.5411763185730560e-01, 5.6006736182692207e-01, 0., 0., 0., 1. ]
T1_25: !!opencv-matrix
   rows: 4
   cols: 4
   dt: d
   data: [ 8.9327690945153015e-01, 4.0639206468096589e-01,
       -1.9209854972139817e-01, -8.0208610379606871e-01,
       -3.5146949625787527e-01, 8.9787487036666214e-01,
       2.6512244409760000e-01, 4.6900582335730828e-02,
       2.8022411787881180e-01, -1.6931097698729200e-01,
       9.4488530353194222e-01, 7.2990606257082247e-01, 0., 0., 0., 1. ]
T2_25: !!opencv-matrix
   rows: 4
   cols: 4
   dt: d
   data: [ -4.2741136941736246e-01, -6.6123629504775883e-01,
       6.1651121920390772e-01, -4.0449717894961967e-01,
       -8.9009033294140871e-01, 4.2718990181164618e-01,
       -1.5889615160351922e-01, -5.7784267392795713e-03,
       -1.5829946461383762e-01, -6.1666469811532887e-01,
       -7.7114585494658749e-01, 4.6464168057210420e-01, 0., 0., 0., 1. ]
T1_26: !!opencv-matrix
   rows: 4
   cols: 4
   dt: d
   data: [ 8.8244826275939559e-01, 4.6360595049949699e-01,
       7.9715658526933200e-02, -5.7190672265149478e-01,
       -4.5151043034648669e-01, 7.8719440923248762e-01,
       4.2007534248209000e-01, 1.4288851938804392e-01,
       1.3199770771212321e-01, -4.0668720748822762e-01,
       9.0398126110233734e-01, 7.8392526703920362e-01, 0., 0., 0., 1. ]
T2_26: !!opencv-matrix
   rows: 4
   cols: 4
   dt: d
   data: [ -3.4758292072927621e-01, -8.7570274283273608e-01,
       3.3515790220809244e-01, -2.0920769147751905e-01,
       -9.3018104971222659e-01, 2.7700993347090919e-01,
       -2.4089149323855963e-01, 9.3430804156299008e-02,
       1.1810727316116693e-01, -3.9548729809396632e-01,
       -9.1084601831087131e-01, 5.8284322673235334e-01, 0., 0., 0., 1. ]
T1_27: !!opencv-matrix
   rows: 4
   cols: 4
   dt: d
   data: [ -4.9811146272208617e-02, 9.7355811330512354e-01,
       2.2294270502713717e-01, -5.6354568396842497e-01,
       -9.6827670858764303e-01, -1.0179918912262376e-01,
       2.2820416451208186e-01, 1.2304871574752527e-01,
       2.4486540244332125e-01, -2.0450311760886369e-01,
       9.4774437986965954e-01, 7.3885531706087570e-01, 0., 0., 0., 1. ]
T2_27: !!opencv-matrix
   rows: 4
   cols: 4
   dt: d
   data: [ 5.0464971823554627e-01, -6.4398143558690868e-01,
       5.7499267169609036e-01, -3.2227259972046884e-01,
       -5.5130562642732373e-01, -7.5292339092365124e-01,
       -3.5940015813798243e-01, 1.2479753041087899e-01,
       6.6437246191753008e-01, -1.3562550652239005e-01,
       -7.3499316583638041e-01, 5.2693452501410920e-01, 0., 0., 0., 1. ]
T1_28: !!opencv-matrix
   rows: 4
   cols: 4
   dt: d
   data: [ 1.9420272452123299e-02, 9.4351693314047891e-01,
       3.3075466723097108e-01, -3.3553770721552140e-01,
       -9.3774718942239876e-01, -9.7551642375869996e-02,
       3.3333749534092633e-01, 1.5407519134652506e-01,
       3.4677523231666502e-01, -3.1663776456221310e-01,
       8.8288587275183394e-01, 6.2276616275725560e-01, 0., 0., 0., 1. ]
T2_28: !!opencv-matrix
   rows: 4
   cols: 4
   dt: d
   data: [ 5.3682301263116572e-01, -7.0271577821321030e-01,
       4.6691711058795182e-01, -3.3391368090577284e-01,
       -5.3911953452405670e-01, -7.1140449526577521e-01,
       -4.5083674607357827e-01, 2.4330279416361200e-01,
       6.4897702625298204e-01, -9.7045950894439625e-03,
       -7.6074610760094341e-01, 7.2153864088222686e-01, 0., 0., 0., 1. ]
T1_29: !!opencv-matrix
   rows: 4
   cols: 4
   dt: d
   data: [ 3.3792430481807578e-02, 9.2204389899571315e-01,
       3.8560746876443575e-01, -3.4174269409344848e-01,
       -9.5982196131579633e-01, -7.7600104818273952e-02,
       2.6966650942987153e-01, 1.3498948790013882e-01,
       2.7856753977811244e-01, -3.7922720374068103e-01,
       8.8237568740587691e-01, 7.0269973879282810e-01, 0., 0., 0., 1. ]
T2_29: !!opencv-matrix
   rows: 4
   cols: 4
   dt: d
   data: [ 5.7142376677428630e-01, -6.9204006971101639e-01,
       4.4108436911758475e-01, -2.8506848138940116e-01,
       -5.6260969227876256e-01, -7.2164286135162592e-01,
       -4.0336325416953167e-01, 2.7136182903361922e-01,
       5.9744892076183564e-01, -1.7666991102328833e-02,
       -8.0171233276400855e-01, 6.6370963485205792e-01, 0., 0., 0., 1. ]
T1_30: !!opencv-matrix
   rows: 4
   cols: 4
   dt: d
   data: [ -2.2975222239424387e-02, 9.1167677079974163e-01,
       4.1026528581785249e-01, -5.0131642212914251e-01,
       -9.7063481092711024e-01, -1.1863488067429118e-01,
       2.0926975152632421e-01, 1.2516294632761915e-01,
       2.3945814452538849e-01, -3.9340974908046167e-01,
       8.8763087280068531e-01, 8.3909144302045369e-01, 0., 0., 0., 1. ]
T2_30: !!opencv-matrix
   rows: 4
   cols: 4
   dt: d
   data: [ 6.0979432375587184e-01, -6.4723611181549723e-01,
       4.5742354364098503e-01, -2.4685554227528356e-01,
       -5.2639098235574822e-01, -7.6220968480214624e-01,
       -3.7676110479767316e-01, 1.6691672756776191e-01,
       5.9250604757223302e-01, -1.1036845372213389e-02,
       -8.0549039201877548e-01, 4.8312449733319834e-01, 0., 0., 0., 1. ]
T1_31: !!opencv-matrix
   rows: 4
   cols: 4
   dt: d
   data: [ -4.8349055824607001e-01, -2.4560774452491677e-01,
       -8.4018671491299313e-01, -4.4109721389677581e-01,
       1.8621882412689153e-01, -9.6671865008360425e-01,
       1.7543546141339889e-01, 6.8455339673499316e-02,
       -8.5531247484629946e-01, -7.1637192923212301e-02,
       5.1313612517769669e-01, 8.8746227779994713e-01, 0., 0., 0., 1. ]
T2_31: !!opencv-matrix
   rows: 4
   cols: 4
   dt: d
   data: [ 7.4078708532880899e-01, 5.4811246395503077e-01,
       3.8833905426468884e-01, -2.3091597456568502e-01,
       6.6778119475249142e-01, -6.6356006576872795e-01,
       -3.3727780100673194e-01, 1.4527140435410377e-01,
       7.2820121841308066e-02, 5.0917655677981344e-01,
       -8.5757592310003106e-01, 5.2964376039082917e-01, 0., 0., 0., 1. ]
T1_32: !!opencv-matrix
   rows: 4
   cols: 4
   dt: d
   data: [ -7.2022543158376284e-01, -1.8119265651183969e-01,
       6.6966002488289933e-01, -3.7755825144140553e-01,
       -2.1462092243469055e-01, -8.5973947997637667e-01,
       -4.6344998243956381e-01, 2.0876033564379276e-01,
       6.5970689503238134e-01, -4.7751151587802776e-01,
       5.8031850293662246e-01, 7.6225820974775516e-01, 0., 0., 0., 1. ]
T2_32: !!opencv-matrix
   rows: 4
   cols: 4
   dt: d
   data: [ 7.0469785327533185e-01, 5.8625593188729375e-01,
       3.9963097717281559e-01, -2.0946915183692813e-01,
       6.7160389288101285e-01, -7.3281000418714637e-01,
       -1.0925982258041141e-01, 7.1075017227765852e-02,
       2.2879935895060499e-01, 3.4538888240676574e-01,
       -9.1014140288946144e-01, 6.9862237984242914e-01, 0., 0., 0., 1. ]
T1_33: !!opencv-matrix
   rows: 4
   cols: 4
   dt: d
   data: [ -6.9447265120767532e-01, 7.6925297791774594e-02,
       7.1539516023260119e-01, -4.3832938492081785e-01,
       -1.6597829013362370e-01, -9.8458023126774608e-01,
       -5.5253736534919586e-02, -4.0319470374044319e-02,
       7.0011352217258382e-01, -1.5711227436581290e-01,
       6.9653197293067637e-01, 7.3604470270898137e-01, 0., 0., 0., 1. ]
T2_33: !!opencv-matrix
   rows: 4
   cols: 4
   dt: d
   data: [ 7.3499110352105312e-01, 4.2965331824372099e-01,
       5.2458183714942375e-01, -3.9641712410874269e-01,
       6.3702965338827355e-01, -7.0260446687458211e-01,
       -3.1708072131856363e-01, 2.3877285100630025e-01,
       2.3233875795682618e-01, 5.6722569516026367e-01,
       -7.9010993684488962e-01, 5.6394432749594114e-01, 0., 0., 0., 1. ]
T1_34: !!opencv-matrix
   rows: 4
   cols: 4
   dt: d
   data: [ -6.2824845658282502e-01, 3.9657818265739875e-01,
       6.6935014890672384e-01, -4.2715817324997629e-01,
       -3.6980356329288000e-01, -9.0914827415714639e-01,
       1.9155871207797190e-01, -1.1987480161961786e-01,
       6.8450653859345090e-01, -1.2718160494834677e-01,
       7.1782702511508667e-01, 7.1272103093303663e-01, 0., 0., 0., 1. ]
T2_34: !!opencv-matrix
   rows: 4
   cols: 4
   dt: d
   data: [ 8.1908241747729771e-01, 1.7280137744554289e-01,
       5.4703169682612429e-01, -4.6506593602479357e-01,
       4.3986814083813286e-01, -8.0130174830068657e-01,
       -4.0550157440615148e-01, 2.9216363509322874e-01,
       3.6826622442894524e-01, 5.7276102531787731e-01,
       -7.3234199375815079e-01, 5.3569174855854285e-01, 0., 0., 0., 1. ]
T1_35: !!opencv-matrix
   rows: 4
   cols: 4
   dt: d
   data: [ -6.9052403519586969e-01, 6.1122278497101790e-01,
       3.8675995649638550e-01, -4.6304996599736237e-01,
       -5.5148597605491356e-01, -7.9088514694127765e-01,
       2.6526195083809712e-01, -7.5333522905591643e-02,
       4.6801685336275300e-01, -3.0122939430713855e-02,
       8.8320599719911375e-01, 6.3810855009812273e-01, 0., 0., 0., 1. ]
T2_35: !!opencv-matrix
   rows: 4
   cols: 4
   dt: d
   data: [ 7.2971393810782859e-01, -8.8050133080251183e-02,
       6.7805954207260766e-01, -4.8409631026946659e-01,
       2.1323520010562919e-01, -9.1291197530045687e-01,
       -3.4802654322469567e-01, 2.5348640184996801e-01,
       6.4965245937122140e-01, 3.9854598155993087e-01,
       -6.4738920489559848e-01, 5.6301793416764989e-01, 0., 0., 0., 1. ]
T1_36: !!opencv-matrix
   rows: 4
   cols: 4
   dt: d
   data: [ -6.7336516593216289e-01, 6.6339068681923841e-01,
       3.2633134993538437e-01, -4.9918276760596336e-01,
       -5.8977562405654782e-01, -7.4817334747305342e-01,
       3.0397591253202283e-01, -7.7880595219173010e-02,
       4.4580720785768013e-01, 1.2224515224149107e-02,
       8.9504552657933201e-01, 6.5143522206507909e-01, 0., 0., 0., 1. ]
T2_36: !!opencv-matrix
   rows: 4
   cols: 4
   dt: d
   data: [ 7.0142443674088373e-01, -1.4483935888373617e-01,
       6.9787199375020215e-01, -4.8383704207716904e-01,
       1.5173319372384125e-01, -9.2634515571718734e-01,
       -3.4476323818189208e-01, 2.3908814901077141e-01,
       6.9640562710614085e-01, 3.4771570657283962e-01,
       -6.2778419057623158e-01, 5.3104043781831389e-01, 0., 0., 0., 1. ]
