image_width: 1280
image_height: 1024
camera_name: camera
camera_matrix:
  rows: 3
  cols: 3
  data: [1316.702535, 0.000000, 618.380384, 0.000000, 1238.567768, 505.385968, 0.000000, 0.000000, 1.000000]
distortion_model: plumb_bob
distortion_coefficients:
  rows: 1
  cols: 5
  data: [-0.201749, 0.230254, 0.004454, 0.001259, 0.000000]
rectification_matrix:
  rows: 3
  cols: 3
  data: [0.998886, 0.008449, -0.046432, -0.008123, 0.999941, 0.007189, 0.046490, -0.006804, 0.998896]
projection_matrix:
  rows: 3
  cols: 4
  data: [1355.169922, 0.000000, 708.536339, 0.000000, 0.000000, 1355.169922, 503.631462, 0.000000, 0.000000, 0.000000, 1.000000, 0.000000]
