# oST version 5.0 parameters


[image]

width
1280

height
1024

[narrow_stereo/left]

camera matrix
1316.702535 0.000000 618.380384
0.000000 1238.567768 505.385968
0.000000 0.000000 1.000000

distortion
-0.201749 0.230254 0.004454 0.001259 0.000000

rectification
0.998886 0.008449 -0.046432
-0.008123 0.999941 0.007189
0.046490 -0.006804 0.998896

projection
1355.169922 0.000000 708.536339 0.000000
0.000000 1355.169922 503.631462 0.000000
0.000000 0.000000 1.000000 0.000000

# oST version 5.0 parameters


[image]

width
1280

height
1024

[narrow_stereo/right]

camera matrix
1327.270597 0.000000 619.746805
0.000000 1251.390045 491.769796
0.000000 0.000000 1.000000

distortion
-0.215682 0.287031 0.004597 0.003796 0.000000

rectification
0.997381 -0.000989 -0.072322
0.000482 0.999975 -0.007021
0.072327 0.006967 0.997357

projection
1355.169922 0.000000 708.536339 -72.729018
0.000000 1355.169922 503.631462 0.000000
0.000000 0.000000 1.000000 0.000000

