image_width: 1280
image_height: 1024
camera_name: camera
camera_matrix:
  rows: 3
  cols: 3
  data: [1327.270597, 0.000000, 619.746805, 0.000000, 1251.390045, 491.769796, 0.000000, 0.000000, 1.000000]
distortion_model: plumb_bob
distortion_coefficients:
  rows: 1
  cols: 5
  data: [-0.215682, 0.287031, 0.004597, 0.003796, 0.000000]
rectification_matrix:
  rows: 3
  cols: 3
  data: [0.997381, -0.000989, -0.072322, 0.000482, 0.999975, -0.007021, 0.072327, 0.006967, 0.997357]
projection_matrix:
  rows: 3
  cols: 4
  data: [1355.169922, 0.000000, 708.536339, -72.729018, 0.000000, 1355.169922, 503.631462, 0.000000, 0.000000, 0.000000, 1.000000, 0.000000]
