%YAML:1.0
R: !!opencv-matrix
   rows: 3
   cols: 3
   dt: d
   data: [ 9.998e-01, 6.6885e-04,
       -1.74e-02, -2.9434e-04,
       9.998e-01, 2.15e-02,
       1.74e-02, -2.15e-02,
       9.996e-01]
T: !!opencv-matrix
   rows: 3
   cols: 1
   dt: d
   data: [ -6.24458e+01, 5.96e-01,
       -6.237e-01]
R1: !!opencv-matrix
   rows: 3
   cols: 3
   dt: d
   data: [ 9.9993955442429805e-01, 7.2800757947783538e-03,
       -8.2394171006670621e-03, -7.2051844796794506e-03,
       9.9993279113979316e-01, 9.0828695904196424e-03,
       8.3049873178873013e-03, -9.0229540509228889e-03,
       9.9992480391569671e-01 ]
R2: !!opencv-matrix
   rows: 3
   cols: 3
   dt: d
   data: [ 9.9996085524480549e-01, 7.5644536323077978e-03,
       -4.5898822775752197e-03, -7.6056964714143185e-03,
       9.9993025248132150e-01, -9.0356822556638180e-03,
       4.5212121452160971e-03, 9.0702378075366661e-03,
       9.9994864339467582e-01 ]
P1: !!opencv-matrix
   rows: 3
   cols: 4
   dt: d
   data: [ 3.5212156151291492e+02, 0., 9.8933873558044434e+02, 0., 0.,
       3.5212156151291492e+02, 3.5767564898729324e+02, 0., 0., 0., 1.,
       0. ]
P2: !!opencv-matrix
   rows: 3
   cols: 4
   dt: d
   data: [ 3.5212156151291492e+02, 0., 9.8933873558044434e+02,
       -2.1894879621958062e+04, 0., 3.5212156151291492e+02,
       3.5767564898729324e+02, 0., 0., 0., 1., 0. ]
Q: !!opencv-matrix
   rows: 4
   cols: 4
   dt: d
   data: [ 1., 0., 0., -9.8933873558044434e+02, 0., 1., 0.,
       -3.5767564898729324e+02, 0., 0., 0., 3.5212156151291492e+02, 0.,
       0., 1.6082370288977396e-02, 0. ]
