%YAML:1.0
M1: !!opencv-matrix
   rows: 3
   cols: 3
   dt: d
   data: [ 1.2791e+03, 0., 6.629744e+02, 0.,
       1.2814e+03, 4.439861e+02, 0., 0., 1. ]
D1: !!opencv-matrix
   rows: 5
   cols: 1
   dt: d
   data: [ 4.1e-03, 1.2315e+00,
       -4.4448e-04, -1e-03,
       -5.3152e+00 ]
M2: !!opencv-matrix
   rows: 3
   cols: 3
   dt: d
   data: [ 1.2805e+03, 0., 6.162773e+02, 0.,
       1.2843e+03, 3.975921e+02, 0., 0., 1. ]
D2: !!opencv-matrix
   rows: 5
   cols: 1
   dt: d
   data: [ 1.5e-02, 9.552e-01,
       -1.6e-03, -3.3e-03,
       -4.694e+00 ]
